96 942
47 29
116 822
63 87
371 251
756 98
437 317
156 44
94 477
157 135
324 257
302 523
578 317
721 122
701 19
130 9
645 44
446 470
679 175
892 48
228 526
282 611
252 111
312 490
598 336
120 693
489 64
718 196
65 108
637 218
509 402
472 132
195 209
304 185
923 4
6 789
744 123
258 59
340 548
250 537
59 42
150 341
310 289
568 337
710 214
656 52
821 96
601 145
292 168
718 56
147 429
407 186
255 543
340 73
54 867
703 76
792 112
133 157
88 411
51 871
523 136
681 110
456 435
389 549
906 8
886 36
166 111
700 13
558 339
187 72
27 48
683 100
15 118
452 67
340 78
33 142
138 111
73 83
848 4
492 278
199 368
168 649
343 540
611 274
21 503
385 250
513 328
585 293
235 648
664 41
375 477
191 135
573 170
864 34
758 142
900 21
746 106
