991 929
97 192
49 810
471 129
573 213
79 173
214 92
158 621
654 56
826 52
375 32
110 439
499 260
733 31
26 212
672 222
491 27
805 27
84 19
267 262
558 318
909 3
764 95
752 114
723 103
97 116
353 419
596 262
527 387
637 271
762 36
537 382
785 109
852 39
112 513
385 438
261 471
911 4
450 399
408 300
541 150
342 21
323 159
687 220
139 81
838 25
517 112
167 167
547 199
82 425
789 125
756 38
596 258
442 202
687 107
280 250
95 43
535 370
561 177
727 184
130 308
580 285
919 3
512 292
148 563
114 763
823 54
743 93
912 12
62 188
661 114
531 306
854 19
814 37
36 799
215 129
911 0
589 307
274 418
833 84
640 0
894 28
158 577
342 425
551 349
214 681
735 57
787 87
426 336
876 42
144 169
152 720
746 73
168 634
395 220
848 6
740 151
411 6
41 845
136 740
479 278
885 41
433 238
521 273
432 226
128 324
883 37
795 119
86 16
64 742
592 156
78 624
231 73
174 279
450 253
739 4
822 44
468 441
136 667
614 54
46 807
253 553
861 46
193 641
227 640
20 351
232 147
631 106
98 353
357 452
569 141
389 94
335 426
785 30
203 296
531 381
43 291
94 438
847 80
248 525
310 163
82 479
865 53
187 156
467 152
816 106
519 142
578 297
371 403
508 0
517 236
103 289
874 15
439 480
675 79
408 65
243 482
71 275
604 262
669 213
33 677
358 16
751 116
817 12
555 22
621 281
292 431
911 1
688 11
800 11
815 50
38 154
876 45
117 234
550 263
707 83
318 195
3 756
367 160
878 12
478 450
619 94
242 588
122 354
627 260
545 207
904 0
206 222
684 229
66 378
907 15
924 0
915 8
442 1
283 621
217 410
779 142
143 566
787 35
309 615
56 862
855 72
3 785
103 480
198 443
370 429
143 413
558 37
846 46
797 6
411 424
297 131
208 614
212 650
661 63
753 70
415 364
237 671
784 42
638 101
401 266
512 394
656 136
343 274
559 112
45 837
340 457
406 116
279 552
325 232
35 74
336 79
373 279
655 65
485 113
738 4
341 517
205 350
786 99
663 205
714 60
688 197
120 285
831 88
617 166
556 296
405 504
552 211
709 19
438 91
611 177
909 7
669 248
434 103
137 475
838 19
599 101
810 104
880 21
341 32
183 35
658 92
600 180
382 452
92 266
651 42
262 429
915 14
734 43
393 107
92 652
898 1
247 493
86 119
730 162
59 203
858 17
677 29
372 125
375 330
528 122
793 35
97 688
77 734
697 187
388 333
689 55
89 544
188 605
786 1
536 217
780 30
796 70
343 202
285 385
430 286
103 641
897 31
426 98
169 487
630 56
653 152
447 192
434 62
41 431
666 195
164 351
271 106
789 107
502 284
52 833
303 234
154 172
782 123
631 43
213 303
700 188
523 70
859 26
94 105
587 203
835 88
336 64
91 560
108 674
777 106
139 442
707 11
873 52
302 346
560 158
57 610
629 160
94 371
730 85
481 10
176 418
708 56
530 359
556 109
603 200
126 571
234 503
456 124
300 606
145 77
485 241
921 0
821 74
119 672
73 384
126 436
542 176
144 330
358 133
211 543
663 25
562 311
425 95
804 3
694 18
798 65
790 3
161 629
123 671
743 96
702 48
751 93
121 633
73 555
860 37
150 129
370 223
335 471
189 696
870 28
404 447
618 234
601 272
891 9
308 564
471 69
59 9
669 100
304 294
475 340
454 428
644 150
333 192
546 39
657 98
43 200
577 49
642 169
424 392
337 19
19 249
360 310
533 145
10 450
665 164
617 26
854 37
846 68
70 473
126 88
296 119
222 126
793 88
871 24
244 681
250 661
815 80
754 100
166 218
124 641
682 64
289 382
619 39
787 87
821 81
507 43
333 48
648 193
169 506
397 415
35 212
833 78
508 181
156 693
852 75
331 91
663 170
260 143
262 185
483 135
92 743
111 162
543 174
832 81
704 30
89 141
387 27
260 658
364 116
210 144
802 7
668 42
237 526
200 649
757 64
842 15
103 734
536 322
666 33
106 759
544 196
896 3
692 173
816 46
85 196
569 344
721 193
434 225
813 108
178 353
443 382
673 203
764 84
70 556
832 88
395 391
256 175
132 607
739 55
638 190
506 280
73 790
872 40
481 322
598 319
807 41
501 159
315 351
567 301
214 12
317 396
279 407
340 236
405 61
80 791
774 40
559 122
183 737
173 725
366 123
628 54
704 11
73 151
314 147
286 400
196 438
380 91
131 503
922 2
204 623
73 457
585 193
266 11
743 140
401 216
255 482
393 50
34 201
50 92
67 177
188 40
569 85
579 160
128 557
343 86
620 213
595 141
268 247
841 45
764 67
842 9
447 52
587 21
453 250
678 49
209 398
165 244
717 141
724 204
126 423
318 437
109 478
859 16
261 317
263 596
330 185
117 55
10 335
361 259
611 288
466 221
235 561
126 293
582 140
616 273
4 174
556 219
871 17
9 753
370 323
183 693
322 264
74 171
255 36
305 500
472 129
66 780
123 153
829 5
825 39
548 1
362 557
62 526
472 152
539 381
98 615
617 89
10 447
632 190
317 542
330 277
388 192
289 357
185 209
570 358
479 287
180 204
810 100
910 14
171 281
351 488
170 70
642 63
675 152
266 80
554 184
94 173
699 91
360 76
830 4
670 235
278 265
481 125
464 272
685 167
56 422
343 92
59 207
172 248
638 125
322 595
878 17
461 127
744 64
512 19
115 770
884 12
869 32
394 116
245 403
388 314
256 649
173 553
667 43
21 861
488 392
894 10
408 275
379 50
427 391
35 439
6 276
377 147
116 399
715 196
267 475
674 3
236 648
233 363
451 71
328 456
695 99
334 197
796 52
221 19
36 438
453 444
535 3
783 84
830 2
341 353
581 190
883 44
295 386
671 196
501 308
657 95
268 353
505 377
258 535
755 170
535 105
95 209
644 92
814 13
5 645
562 315
17 529
167 257
219 663
87 251
757 126
40 170
642 94
753 168
881 11
444 274
533 391
190 57
851 11
529 176
215 431
416 14
440 360
405 232
595 315
582 123
519 316
206 180
788 13
610 57
707 184
245 482
848 14
299 578
601 169
857 37
565 71
40 837
156 546
350 195
67 406
87 766
844 4
177 374
884 34
196 345
775 135
693 22
727 123
364 244
206 326
395 244
379 502
411 222
334 199
519 217
206 481
464 401
323 34
512 31
428 287
698 181
883 10
705 21
382 93
67 221
132 263
230 517
703 178
277 121
535 379
468 397
312 329
322 22
633 282
592 46
391 306
364 539
658 122
263 569
40 450
257 207
317 337
622 172
375 60
19 409
113 204
386 349
265 118
585 336
912 9
114 526
928 0
270 127
220 45
6 80
142 237
193 145
739 3
760 24
458 53
387 483
511 403
850 57
249 486
31 529
484 146
822 38
840 8
158 118
531 6
418 171
341 575
891 4
548 49
71 787
685 5
290 579
817 23
184 279
364 57
160 258
197 54
286 25
409 258
454 351
532 67
680 19
710 194
444 220
858 7
772 148
3 434
253 277
73 195
832 38
439 193
360 412
613 8
603 176
922 0
160 533
862 18
179 520
365 498
792 122
859 27
600 92
454 473
354 466
765 116
59 5
389 428
768 103
844 76
744 21
757 74
255 665
216 350
347 51
156 699
132 249
80 537
4 376
821 9
868 30
212 675
411 479
788 128
500 161
474 148
23 549
243 503
389 397
653 11
137 328
108 277
141 468
785 61
259 650
785 80
334 212
605 190
590 166
519 136
659 59
105 181
216 19
604 170
616 194
873 54
562 323
670 213
352 17
383 215
525 313
559 313
460 364
764 46
87 796
298 570
367 72
196 330
371 8
828 95
618 303
572 149
3 587
217 618
269 573
832 57
632 257
418 410
340 106
769 12
34 77
827 27
130 119
590 82
705 139
667 115
77 241
904 12
637 181
669 200
687 191
331 275
182 153
179 163
920 2
417 183
124 141
179 585
471 301
470 234
575 335
802 106
121 204
357 185
509 335
85 191
16 241
410 162
96 565
322 178
139 510
610 91
648 150
655 258
273 245
677 210
169 146
626 185
462 393
552 229
785 2
90 129
374 394
927 1
264 526
780 142
187 383
472 12
147 401
715 103
502 206
493 93
361 534
623 27
841 10
416 348
96 328
203 49
697 175
637 168
170 544
144 273
263 441
655 44
139 317
586 16
856 25
473 150
291 32
377 172
432 150
837 48
674 247
65 713
11 370
224 181
532 208
369 431
533 316
97 273
259 101
564 305
393 376
451 398
493 249
864 46
826 71
211 203
687 111
36 773
525 373
448 238
733 145
606 44
294 388
653 47
316 109
350 507
787 36
278 577
557 135
277 316
605 280
559 132
278 125
119 139
715 61
154 298
603 16
600 266
40 783
617 217
120 346
575 185
333 242
426 22
305 193
116 348
272 293
755 113
