984 995
461 107
823 110
9 759
469 176
941 4
963 23
151 415
234 653
847 72
779 205
444 148
611 180
951 28
863 3
810 49
151 326
823 42
769 212
263 551
95 683
714 70
437 186
562 163
883 45
646 219
867 113
905 24
835 42
744 25
370 69
127 517
679 154
548 317
305 589
864 10
632 170
212 522
896 5
732 25
891 33
86 226
674 272
305 557
732 72
464 425
180 50
117 465
268 381
141 95
629 33
760 234
397 21
220 636
799 56
844 23
538 361
357 57
156 209
554 336
546 188
339 73
271 706
671 28
698 182
857 47
673 185
318 405
206 72
78 604
165 511
764 152
334 4
643 248
301 424
369 348
117 219
742 13
128 623
643 165
344 188
186 783
162 670
127 250
299 79
620 263
262 258
933 20
66 814
92 784
423 272
874 84
555 355
185 472
972 3
667 213
49 745
857 101
192 527
869 18
108 748
660 105
172 596
711 23
598 344
835 94
236 476
310 389
925 3
529 354
164 641
238 522
336 584
282 10
64 154
193 79
478 11
261 34
231 541
880 61
667 221
796 93
989 1
836 83
914 14
400 512
784 184
923 72
23 206
864 6
377 95
575 142
218 232
490 481
819 48
335 507
833 156
283 689
311 620
249 506
935 59
753 201
234 0
809 92
312 650
158 594
262 177
812 12
602 360
713 205
316 216
814 57
348 481
980 5
480 307
576 21
86 335
428 116
574 97
625 216
674 285
462 170
456 194
397 385
868 42
210 643
85 621
28 402
645 65
794 44
606 105
525 424
819 76
46 497
447 424
110 155
505 85
447 507
458 137
530 70
486 101
59 748
88 255
832 52
74 3
0 259
950 9
264 192
407 561
55 739
319 48
347 495
585 402
987 2
413 18
646 265
346 475
404 212
803 185
373 221
183 611
173 681
509 481
151 204
11 102
557 285
471 435
4 655
430 179
295 435
607 204
873 9
683 115
402 233
983 6
199 645
822 130
85 272
806 125
916 21
305 56
507 355
831 13
844 61
152 749
418 448
355 631
348 433
236 683
579 101
919 57
527 450
436 211
491 378
858 121
764 67
683 75
477 419
259 266
356 614
164 247
457 240
781 66
134 434
826 19
70 403
567 260
452 384
957 21
650 206
917 45
877 5
787 110
415 415
523 111
897 67
870 13
131 542
429 386
158 28
818 32
158 30
830 79
828 157
15 953
542 8
442 231
887 80
972 2
535 156
284 11
785 86
643 210
750 92
429 149
881 32
40 915
658 269
986 6
811 127
518 70
975 15
648 139
240 37
181 494
737 211
518 20
924 16
809 18
937 18
411 179
528 272
514 45
370 554
135 628
519 293
305 177
476 385
484 335
764 211
32 509
937 32
776 151
984 0
920 21
823 115
864 128
859 121
778 147
434 124
383 114
888 103
714 83
14 918
112 787
284 301
767 63
19 868
470 369
193 447
53 297
138 231
897 77
901 12
371 1
67 435
471 210
596 63
886 91
415 271
634 112
45 3
135 674
533 204
473 87
643 225
614 95
736 60
951 28
230 188
2 72
354 155
376 276
435 398
942 20
127 442
781 196
472 195
193 51
549 52
918 72
501 463
575 30
161 5
834 140
708 120
411 223
392 421
362 145
248 406
266 64
975 4
29 238
353 96
159 689
860 77
465 163
440 75
46 7
112 397
143 560
546 433
596 168
360 470
534 23
37 740
239 158
697 291
858 16
544 417
24 216
643 67
621 253
570 50
358 340
667 243
657 224
219 115
104 664
610 41
19 297
378 61
694 46
311 683
215 593
843 145
313 183
942 26
264 681
108 834
432 139
189 299
927 50
684 144
749 231
967 22
958 17
171 103
163 650
267 639
318 376
701 79
867 92
969 19
126 170
663 111
328 194
350 265
81 643
391 522
683 255
861 91
388 493
570 340
891 57
124 520
825 38
646 219
20 59
821 47
843 140
769 16
412 452
550 115
554 4
730 20
791 126
860 88
116 237
923 40
450 444
825 0
5 336
889 16
914 54
815 13
408 532
483 390
504 396
872 100
783 19
486 100
982 4
751 130
425 67
973 15
102 691
360 486
743 23
977 1
404 65
218 242
789 131
826 142
678 227
896 2
682 143
459 88
804 14
381 364
730 23
578 101
112 163
719 111
685 42
260 542
768 7
384 128
21 307
640 238
803 56
897 89
578 58
369 67
807 54
288 493
177 444
235 671
403 395
226 348
909 7
955 37
612 92
568 286
293 369
795 88
313 666
425 471
689 212
146 378
7 902
464 244
539 292
160 108
240 198
355 93
155 769
771 176
52 310
172 102
29 444
254 414
739 148
700 210
932 2
164 282
33 48
722 50
74 886
614 84
852 78
418 158
810 110
236 7
136 830
580 240
151 330
389 592
618 227
136 601
777 89
777 134
533 444
563 314
219 186
481 372
415 236
885 30
486 309
937 8
418 117
972 2
649 291
617 306
579 102
482 37
129 811
225 88
23 106
550 57
188 798
210 644
115 354
561 64
222 22
920 18
18 488
352 361
671 211
121 818
808 82
341 8
981 12
243 468
952 25
841 91
254 33
268 207
703 198
362 231
736 147
976 18
773 61
567 52
436 65
505 213
74 886
836 99
462 379
92 743
991 0
529 11
731 97
961 4
697 55
432 430
18 910
702 236
550 84
129 290
167 481
713 26
977 13
657 40
44 846
469 426
259 542
776 117
770 5
566 221
566 1
170 47
175 98
376 343
645 13
715 172
530 297
751 54
282 369
24 921
489 370
83 509
418 483
515 283
841 127
282 642
990 2
865 50
525 269
423 536
766 180
21 851
318 620
409 549
64 607
806 102
398 572
914 18
761 221
132 517
419 443
963 2
605 180
531 138
18 854
610 173
782 118
197 80
496 299
948 46
820 27
993 0
249 529
243 142
336 171
261 687
137 433
197 288
684 102
817 96
449 440
304 157
848 105
402 194
686 309
990 0
716 215
237 173
869 59
539 53
735 256
622 321
506 162
2 122
368 124
818 79
290 358
190 763
838 0
778 160
33 20
156 83
672 254
24 343
683 250
47 149
855 84
939 30
748 233
549 128
931 31
589 397
864 130
5 37
816 64
653 28
688 306
104 81
421 566
594 112
735 246
777 149
708 140
62 837
400 360
116 165
843 40
250 191
937 12
438 129
462 439
701 124
203 234
239 158
581 189
295 304
227 493
93 861
94 429
459 441
135 106
356 139
170 428
389 359
917 13
841 144
771 46
302 414
778 5
846 19
345 268
12 899
985 5
322 384
919 75
275 38
591 209
893 64
964 18
272 73
713 164
617 226
62 482
149 659
982 0
69 424
874 50
822 8
715 147
987 2
958 31
928 1
104 791
849 2
328 454
781 107
833 16
491 344
969 2
232 576
527 369
590 65
688 152
363 428
191 572
735 189
829 151
837 101
192 168
791 107
801 176
374 79
174 760
415 151
736 256
371 12
112 853
411 454
135 208
706 3
887 107
294 573
132 735
356 613
173 539
196 397
258 598
953 25
850 121
290 58
756 149
111 85
553 138
489 361
592 5
74 639
829 83
374 490
162 700
661 219
438 284
893 0
688 129
114 592
94 541
474 444
613 85
748 207
121 489
693 155
320 31
884 77
204 647
760 50
187 333
781 76
881 48
615 291
820 96
216 619
565 39
576 337
106 761
337 263
260 645
923 23
388 292
386 475
827 54
714 44
626 93
928 9
112 336
70 784
802 121
770 17
443 352
40 355
40 169
323 652
142 460
146 626
873 114
148 277
673 264
521 329
574 159
644 64
762 35
667 180
360 43
56 233
201 283
719 136
845 41
344 460
863 19
719 101
126 7
201 297
921 24
419 119
237 122
568 247
541 160
768 146
62 233
981 4
920 55
916 41
991 4
828 22
356 289
194 367
577 83
870 29
381 421
13 492
590 228
871 97
158 267
879 20
797 111
230 465
6 84
789 177
233 546
399 281
642 95
269 381
134 127
732 18
122 870
971 5
817 75
557 358
47 312
715 110
147 59
280 662
447 141
928 1
410 215
29 523
215 700
493 460
780 1
207 439
391 539
233 182
326 339
330 374
327 664
514 253
46 5
609 306
428 125
315 95
185 76
296 622
137 230
757 83
595 258
73 693
115 37
968 19
937 49
306 232
778 199
464 374
844 38
628 339
381 457
967 26
576 241
235 81
872 94
316 364
944 47
521 375
811 38
544 80
772 209
677 284
959 7
556 106
339 24
457 217
144 673
831 42
465 190
97 862
296 162
864 71
299 373
342 633
444 31
912 22
515 57
575 93
577 105
371 196
81 846
987 4
577 110
56 626
706 80
221 557
1 822
707 188
214 292
420 261
126 423
295 688
320 127
654 322
97 419
38 472
979 16
704 6
517 365
973 19
702 238
623 151
513 266
787 188
876 117
785 157
215 109
860 22
970 12
937 43
637 51
345 322
108 489
