10000 1000
859 0
76 7
246 4
21 0
854 0
504 9
326 2
216 0
263 9
431 0
568 1
495 9
691 4
535 7
474 9
247 3
275 1
376 8
986 4
411 7
734 5
518 0
482 5
305 8
558 4
959 0
345 8
595 7
224 3
427 4
178 7
467 5
59 6
312 7
931 8
593 6
188 6
421 4
827 1
10 1
166 3
805 7
11 8
38 7
502 3
97 0
536 2
143 5
585 6
170 4
265 8
970 8
12 2
424 0
275 3
700 0
514 6
959 1
404 5
566 7
384 2
423 9
55 3
879 5
120 9
262 1
877 1
551 3
475 3
471 3
708 1
486 2
443 9
73 5
657 2
311 8
839 2
19 8
925 4
574 2
143 3
904 5
747 6
530 3
231 3
454 9
921 7
402 9
515 1
211 9
615 6
540 0
329 3
843 5
348 2
347 7
16 1
491 9
326 8
407 3
715 4
578 1
625 8
95 7
327 0
233 7
37 5
541 5
127 7
921 4
699 7
206 6
533 0
429 4
232 9
37 9
71 0
205 1
276 0
620 7
928 8
128 8
492 7
891 6
438 8
581 4
493 8
662 2
406 1
654 1
333 9
773 2
544 2
990 9
784 7
518 2
581 8
365 0
402 9
310 8
227 9
673 1
52 9
535 3
470 1
421 8
398 1
205 3
132 1
301 9
207 8
321 3
762 3
753 9
188 1
97 7
778 7
595 5
247 7
803 8
650 8
758 1
241 2
258 5
961 3
204 2
963 4
759 8
450 8
785 2
244 0
758 1
355 1
353 9
955 1
246 0
581 6
685 3
865 0
157 7
111 5
403 4
916 2
585 0
60 0
276 0
512 6
350 3
747 0
911 2
559 4
580 5
358 1
883 4
57 9
793 6
637 7
227 8
909 1
983 1
935 4
771 1
919 8
384 1
756 7
339 0
117 9
600 8
181 4
233 4
995 2
376 1
479 8
549 4
236 5
588 9
525 0
920 2
538 2
249 6
651 1
762 2
34 5
973 5
912 3
551 6
45 4
137 2
533 1
543 9
800 4
370 6
767 5
607 8
877 9
60 9
106 6
259 2
738 4
262 3
988 8
525 1
730 2
454 2
598 1
610 1
444 1
73 4
256 6
426 2
744 2
573 3
733 0
255 8
876 1
921 0
847 9
820 3
774 5
131 3
193 6
103 4
472 2
159 6
580 0
101 9
67 4
86 1
444 7
64 3
174 4
115 1
191 1
687 5
890 9
811 4
618 3
613 4
372 3
802 7
139 4
580 5
549 4
476 2
955 6
238 7
657 5
669 7
929 4
453 1
162 4
652 9
639 1
386 9
342 0
553 9
338 6
100 1
369 1
675 0
231 2
60 5
139 9
361 4
850 2
428 9
127 4
441 6
972 7
976 3
699 4
418 1
523 0
641 7
934 7
230 4
731 3
799 6
394 7
439 8
991 2
946 7
295 4
454 4
5 4
108 4
623 3
140 5
63 4
96 6
156 3
420 5
829 2
761 1
138 4
317 4
208 0
717 2
731 2
170 2
40 0
913 6
155 7
640 8
895 2
533 1
503 5
770 5
117 0
277 4
57 7
928 9
983 0
120 8
455 7
526 8
294 6
75 4
551 2
798 4
968 1
367 2
126 8
653 0
289 6
168 0
557 8
918 1
907 3
273 1
33 5
380 1
327 0
145 7
56 9
976 0
473 9
412 1
233 6
470 6
669 1
224 5
464 6
39 3
707 9
249 1
808 2
811 5
835 2
735 3
367 0
167 1
469 3
35 6
56 7
467 4
458 9
596 8
924 9
561 1
625 7
221 8
467 6
704 7
516 3
386 3
466 8
731 1
870 3
487 0
994 1
519 9
459 3
454 2
655 6
579 5
928 0
758 1
996 1
636 5
708 7
88 1
952 6
163 2
841 8
647 5
635 9
6 9
501 3
409 5
110 4
602 6
347 0
430 7
348 6
318 2
195 9
470 3
595 6
577 6
150 4
695 5
58 4
946 9
526 2
958 4
412 5
343 5
578 0
17 9
938 9
777 8
523 0
269 1
88 1
795 7
732 9
437 9
145 5
965 3
677 2
913 6
48 1
623 4
799 4
661 7
231 9
406 8
175 7
209 6
743 5
236 4
680 8
185 8
220 0
126 2
658 2
151 4
265 6
11 4
881 4
116 9
565 9
466 3
56 5
253 6
568 6
782 7
62 9
309 1
167 0
859 3
621 9
196 9
928 5
777 1
457 8
449 9
866 3
262 7
147 6
548 4
780 1
321 5
783 8
190 0
182 4
694 8
970 0
549 3
647 3
609 9
451 5
319 5
496 9
226 9
117 3
114 4
841 0
225 3
632 4
197 9
803 3
629 1
127 2
434 4
933 0
948 9
471 8
300 0
386 7
275 9
628 9
375 3
451 6
710 2
370 0
406 4
66 8
616 9
214 3
590 3
789 1
996 1
415 5
500 4
216 1
31 3
220 4
934 2
468 5
262 1
230 6
230 9
449 4
567 2
76 0
228 3
914 3
574 4
230 8
367 2
774 4
515 7
148 1
252 3
547 9
307 6
563 7
775 3
36 4
878 3
83 7
598 0
421 1
599 9
387 1
899 2
578 6
432 0
936 9
652 1
928 0
237 2
37 6
99 1
784 2
634 5
292 1
131 9
944 7
366 7
98 5
398 6
385 2
756 0
671 4
829 7
832 4
746 7
7 2
581 9
391 2
110 8
10 0
740 7
585 5
105 5
537 3
167 6
639 3
807 3
404 7
15 8
417 7
9 9
549 8
121 5
601 9
268 0
844 0
34 1
272 0
77 9
398 0
108 5
440 5
856 4
129 5
702 3
565 6
93 1
653 7
633 9
783 3
609 1
731 6
595 6
618 9
449 8
394 8
655 7
203 1
191 0
749 9
238 4
439 3
48 7
969 2
666 8
956 2
559 2
907 3
158 3
806 3
1 2
934 0
536 7
779 9
817 8
655 4
25 1
552 8
602 4
166 2
581 4
950 4
311 8
429 7
909 3
114 5
29 7
621 4
877 8
190 5
386 0
954 0
973 8
451 5
254 7
330 3
155 8
1 2
256 6
882 4
65 5
460 5
983 1
586 2
144 7
888 1
498 4
162 7
217 0
349 7
33 0
802 8
371 2
991 6
241 1
375 1
718 8
633 9
109 8
434 6
373 2
574 4
402 0
66 2
902 6
424 2
522 1
390 9
423 3
597 7
964 2
379 1
988 2
831 0
194 7
899 8
801 3
802 1
488 4
392 3
998 1
273 4
29 5
659 0
107 0
514 0
856 8
84 4
314 4
810 8
956 2
696 8
610 4
568 4
934 5
535 2
161 2
232 9
620 0
75 1
774 3
312 6
913 6
976 6
151 1
110 2
178 0
83 2
316 2
489 4
941 0
13 1
157 2
203 9
249 8
394 2
533 5
821 3
670 7
170 9
337 3
95 4
961 8
332 5
952 4
311 5
167 5
751 1
459 2
118 4
908 4
510 1
61 4
732 1
721 5
638 5
235 0
696 9
587 9
266 0
833 5
864 0
32 7
56 0
672 8
491 5
806 6
274 7
601 8
590 3
375 7
308 9
59 9
897 6
853 4
957 9
59 2
980 0
444 5
745 6
431 2
150 7
873 6
388 8
65 4
821 8
503 3
428 4
717 5
557 3
616 2
829 1
276 0
305 7
701 5
237 4
687 9
345 7
741 5
803 2
901 5
737 6
15 5
507 8
300 4
111 8
620 8
944 9
514 1
269 3
46 0
683 9
555 9
299 8
58 0
805 6
258 6
218 8
1 1
257 7
662 8
209 3
868 1
732 3
220 4
743 1
192 5
124 7
585 5
423 1
813 9
100 3
870 3
789 6
626 8
738 9
854 0
181 6
985 5
5 5
112 6
787 7
766 2
632 9
628 2
173 3
39 1
340 0
849 4
592 7
625 8
829 0
534 5
967 2
267 0
86 9
865 2
159 0
617 5
327 7
534 9
375 7
365 5
746 6
504 7
791 0
377 2
131 0
611 8
127 9
115 7
58 8
231 9
32 4
76 8
83 2
725 7
380 1
197 5
544 2
635 4
631 0
102 3
503 4
765 6
65 7
125 5
145 5
20 3
479 6
256 6
780 6
974 6
419 0
631 8
2 2
794 1
531 1
225 5
875 8
154 0
328 2
622 9
998 2
139 1
198 9
938 6
629 4
393 1
792 0
537 8
895 2
941 9
545 6
225 8
640 5
700 4
129 9
709 6
376 7
650 8
838 1
62 9
411 7
854 9
990 5
45 8
663 7
658 4
4 8
675 8
426 3
742 1
969 0
612 7
29 2
501 6
767 4
648 2
913 6
829 4
135 9
572 7
215 6
382 4
907 2
446 1
109 2
843 6
73 9
223 2
419 7
173 6
852 8
298 1
401 3
918 4
528 6
174 7
632 6
769 0
884 1
767 0
308 1
726 9
259 7
89 5
402 2
357 8
664 1
971 7
998 0
789 3
720 9
681 6
196 5
885 6
881 9
663 2
151 5
985 7
622 3
58 8
444 4
190 4
337 7
570 8
334 2
221 0
5 3
416 8
355 2
946 0
660 0
818 1
860 2
589 7
161 8
521 2
159 3
418 2
448 7
198 4
658 3
40 6
66 6
749 7
710 4
455 7
829 4
363 7
990 1
363 7
15 3
755 9
473 7
544 4
156 9
845 2
225 2
939 3
622 2
928 4
853 2
778 4
906 8
685 5
188 5
608 2
491 6
515 9
671 8
562 6
759 3
265 1
120 1
708 8
408 1
659 0
465 2
740 2
503 8
808 3
268 4
599 5
507 2
990 4
526 2
373 3
332 5
540 1
792 2
704 5
958 7
157 9
18 7
467 3
150 8
663 0
896 5
650 6
855 1
277 6
683 5
546 4
962 8
265 3
233 0
714 9
759 6
282 7
224 0
838 2
97 8
25 6
752 9
151 3
305 2
266 2
99 3
641 6
610 0
714 9
104 3
136 2
324 3
308 3
340 1
39 3
245 1
681 4
299 7
656 6
19 7
704 7
479 6
859 7
751 0
341 7
262 1
728 4
293 2
220 9
581 4
436 3
765 1
515 8
403 2
434 2
900 3
981 5
394 1
497 1
710 6
683 3
825 4
414 0
965 5
884 5
714 4
518 8
244 6
165 5
564 9
635 4
48 6
979 5
997 1
971 5
977 7
187 1
433 9
829 8
666 3
198 1
444 2
289 5
754 8
855 6
516 6
258 2
111 1
17 1
231 0
488 1
453 2
154 3
865 7
907 9
527 5
757 6
826 1
998 2
85 1
969 0
608 3
353 7
153 4
215 5
384 2
18 4
9 8
58 2
227 0
894 9
105 0
681 2
779 3
430 9
546 6
803 8
285 0
998 0
520 4
111 3
44 3
926 6
140 3
740 4
929 9
425 9
447 5
215 4
740 5
587 8
455 9
541 7
670 5
305 8
274 9
670 8
357 2
399 8
674 8
438 1
21 4
788 6
724 9
241 0
869 6
501 6
218 0
97 4
970 6
95 3
576 1
264 8
499 1
324 9
684 5
942 5
987 8
513 5
328 2
79 9
551 0
220 3
412 7
240 2
843 5
932 1
984 0
406 1
530 5
875 2
469 7
914 8
717 7
833 6
389 8
205 1
795 1
679 5
127 2
680 6
99 7
964 0
303 5
207 0
312 5
184 3
197 1
476 2
840 4
495 7
374 5
495 9
368 0
825 2
735 5
371 5
328 0
382 7
948 7
415 6
527 5
126 6
734 8
340 5
897 0
968 0
183 0
927 0
431 5
83 3
840 4
696 1
628 3
632 9
607 1
529 0
29 4
332 3
994 0
179 7
444 2
767 4
769 3
60 5
962 3
628 7
146 2
696 0
234 0
558 1
686 0
501 9
84 6
6 0
462 6
825 7
25 0
374 3
10 5
316 7
774 6
593 3
643 4
144 5
658 6
874 3
237 8
416 1
973 3
920 5
63 5
496 3
595 7
855 0
553 9
577 4
237 4
366 3
840 3
859 1
612 3
184 0
515 0
739 0
579 6
530 7
433 4
926 1
82 7
178 0
850 7
135 0
3 7
103 7
246 6
860 4
386 6
532 3
597 1
635 3
781 8
205 7
365 3
479 2
725 7
51 4
104 9
970 8
720 0
323 1
52 6
828 7
413 7
942 9
431 1
69 1
599 2
994 0
385 5
618 5
284 5
264 8
598 3
495 8
804 8
556 0
402 9
746 7
599 1
32 5
198 7
4 8
517 6
818 5
921 6
297 9
295 7
574 3
761 7
673 7
767 4
28 6
417 2
927 3
408 2
585 8
682 9
430 8
552 6
295 3
561 0
176 4
657 8
918 4
48 4
813 8
77 9
244 3
979 5
809 4
986 8
98 6
263 1
806 1
554 4
387 6
956 9
542 9
849 5
954 4
292 7
90 8
533 8
937 8
234 4
830 3
354 2
23 4
807 5
209 6
851 5
71 9
559 0
724 5
447 2
195 2
895 3
843 9
408 4
900 3
123 9
829 2
268 3
463 5
198 5
84 5
228 2
60 9
847 6
146 1
798 0
377 3
40 8
443 3
321 1
670 9
476 9
281 8
759 4
638 8
685 5
244 4
298 6
567 0
238 3
24 1
416 1
422 1
717 0
191 8
623 0
896 4
428 1
724 9
286 0
634 7
751 3
667 1
66 2
951 2
999 0
157 6
846 8
869 0
393 5
302 3
667 1
844 6
341 2
549 6
83 3
762 5
568 7
999 0
447 2
851 5
39 6
598 7
982 3
511 9
549 6
133 5
237 4
768 2
39 6
44 3
17 8
27 9
880 6
128 3
560 8
826 3
183 6
226 9
334 2
594 5
250 8
463 4
612 8
85 5
406 9
69 1
578 3
837 7
552 2
270 3
566 6
115 9
11 9
27 3
260 2
101 0
524 1
1 6
935 4
522 9
983 4
234 1
93 5
674 0
885 3
400 2
56 3
605 3
604 7
849 1
272 6
847 9
528 3
763 3
325 2
959 4
314 1
5 1
649 2
657 0
711 3
24 7
607 3
659 1
949 3
888 3
376 1
703 0
876 0
576 4
471 3
648 1
852 8
764 3
569 8
175 5
24 0
988 4
324 6
806 3
986 0
842 2
961 6
636 6
183 2
190 4
7 5
944 2
188 3
915 6
442 3
200 3
884 1
651 2
345 6
787 5
714 4
706 3
317 0
668 5
155 5
740 9
76 8
129 2
374 4
273 1
946 8
299 4
286 9
314 8
536 7
173 8
874 9
600 1
118 1
160 1
140 4
537 3
975 3
432 8
236 8
989 4
997 2
690 3
410 3
187 7
142 3
582 3
875 4
87 3
60 5
9 4
818 7
872 5
625 5
347 5
987 2
496 1
644 8
330 8
669 2
688 5
414 5
981 3
442 4
33 0
925 1
234 5
62 8
932 4
656 9
972 1
531 5
776 1
571 6
781 3
470 6
881 1
919 3
124 5
685 6
121 6
373 6
642 8
941 2
473 4
255 7
975 4
486 5
951 4
715 5
258 0
535 2
736 7
684 3
31 6
940 2
910 1
726 9
337 6
259 4
650 1
499 5
1000 0
894 2
399 2
219 6
482 8
56 0
207 0
59 3
275 6
111 2
731 7
393 1
803 3
825 0
553 3
895 7
971 2
749 1
610 2
869 7
305 4
180 2
324 7
76 5
949 3
742 1
735 5
681 7
450 1
205 1
500 4
379 8
353 9
298 3
768 4
994 0
708 1
543 9
555 6
86 5
563 9
36 9
288 0
633 8
102 8
248 4
280 6
935 3
965 0
258 6
201 3
332 8
759 9
382 3
999 0
963 4
734 8
505 2
123 2
231 9
720 7
5 4
877 1
764 3
38 4
909 2
308 1
513 7
155 8
151 9
352 8
294 2
432 3
84 5
741 6
327 9
540 0
156 1
274 1
110 3
444 5
935 3
847 8
590 8
34 3
599 4
27 5
529 6
945 8
61 7
435 6
745 8
420 5
279 5
64 8
753 5
133 8
879 1
44 8
633 9
116 2
398 8
929 4
472 4
42 9
222 6
334 6
863 4
695 4
395 8
597 0
550 3
247 4
196 2
814 9
359 6
478 9
998 0
671 7
947 1
323 5
310 1
413 3
465 6
42 3
42 4
751 3
664 5
467 6
77 7
97 3
280 7
907 1
89 6
716 3
286 3
159 5
874 8
266 0
473 0
22 6
696 7
99 6
365 6
777 0
589 0
836 2
870 7
81 5
395 4
861 8
112 5
312 2
314 4
471 8
822 5
732 8
73 0
330 7
287 2
79 0
921 8
430 8
923 5
357 2
162 9
135 8
213 9
739 7
924 7
369 5
676 7
908 2
459 5
453 5
595 4
274 7
271 5
182 1
557 3
224 9
419 0
205 0
70 7
580 5
801 3
88 9
814 8
925 8
523 3
154 9
716 3
616 1
374 7
1 3
558 1
83 5
772 4
198 0
246 3
674 8
581 6
443 9
253 7
610 9
798 9
686 7
765 0
660 0
28 1
61 6
552 4
641 2
217 8
780 2
223 8
362 1
635 1
652 6
690 9
133 4
930 1
975 5
274 0
859 2
865 6
764 7
308 4
846 5
941 3
936 0
720 7
289 2
510 2
586 0
389 0
577 3
443 5
285 5
139 4
274 8
663 0
172 1
553 7
391 2
800 5
30 6
138 0
602 1
75 5
345 8
345 2
557 5
514 1
3 4
213 3
440 6
541 0
841 6
38 5
329 5
612 3
179 5
422 4
22 2
806 4
267 1
738 0
918 3
412 3
886 1
660 7
896 0
91 7
880 5
820 7
707 9
839 4
961 0
583 5
652 9
901 5
143 9
147 7
398 4
10 7
836 4
453 2
481 3
690 9
156 9
407 2
67 2
914 2
88 8
850 2
382 0
520 2
333 6
67 7
618 6
168 2
993 1
391 4
975 2
333 0
631 5
255 5
711 1
459 5
986 8
711 6
831 5
433 7
344 4
683 3
881 7
375 0
502 1
697 3
676 1
505 0
912 3
473 3
655 1
6 6
455 1
728 6
284 9
224 7
33 9
744 4
707 8
325 4
152 4
386 5
578 6
277 8
826 9
836 2
655 1
142 5
69 3
619 5
727 1
440 1
159 5
423 1
152 5
292 4
464 2
334 3
285 8
800 2
661 4
566 2
884 3
269 2
203 6
506 5
907 4
255 6
58 7
276 2
349 1
102 1
81 2
811 7
248 7
611 0
993 4
233 2
427 8
178 3
441 6
745 3
53 0
898 9
495 7
952 4
112 3
366 5
440 0
786 1
977 0
542 7
460 8
371 6
379 5
687 1
795 1
989 3
471 0
304 0
978 2
249 4
146 8
197 6
722 6
459 6
342 3
790 4
862 2
768 3
957 3
770 1
815 1
743 6
522 4
754 3
121 4
214 4
689 2
142 5
474 8
431 6
319 7
406 7
252 2
891 5
887 5
73 8
149 4
384 5
524 8
11 8
288 1
793 0
596 7
574 9
720 5
23 0
721 6
844 9
364 6
362 3
582 7
234 6
289 7
831 8
414 9
733 3
558 2
984 2
623 5
334 5
474 9
319 7
700 8
498 5
471 3
496 8
767 2
475 2
228 4
414 2
189 6
28 1
408 8
529 4
355 4
969 3
276 0
619 0
116 2
502 2
801 9
584 5
94 2
579 5
778 1
322 0
223 3
219 4
11 2
677 1
20 2
920 0
349 0
826 3
94 5
337 8
403 5
454 0
304 3
702 0
536 2
95 1
252 6
955 3
214 1
346 5
520 9
382 5
121 4
552 8
909 1
8 6
768 8
439 3
79 1
293 3
22 5
677 1
900 7
547 8
364 6
398 4
305 4
533 0
137 7
393 6
239 3
770 2
428 0
34 0
473 3
724 1
771 1
624 9
435 6
463 6
157 7
156 0
752 6
905 4
626 9
240 8
814 4
41 8
635 6
334 9
704 4
981 7
503 1
480 4
922 4
892 9
654 8
936 6
419 9
774 5
306 4
20 7
420 2
787 1
944 8
41 5
609 6
283 3
375 8
516 5
996 2
432 8
931 4
691 9
906 8
1000 0
507 1
911 5
294 8
597 6
240 0
412 3
88 1
704 8
62 9
565 4
278 4
137 5
612 9
941 9
935 4
258 0
846 3
317 1
8 4
501 4
850 1
394 1
831 9
453 6
728 1
315 3
726 0
10 2
176 2
236 6
711 2
688 3
868 7
593 7
230 2
144 0
117 7
948 2
819 8
771 3
630 8
644 8
337 6
703 5
204 6
221 6
348 4
622 2
637 0
900 1
286 3
197 9
931 6
564 0
273 8
800 4
268 8
534 9
972 1
774 8
99 6
41 3
463 3
715 2
964 1
614 0
806 3
989 7
271 5
134 7
708 6
69 3
379 0
703 7
330 9
894 0
741 7
617 4
341 6
44 1
656 2
313 5
59 3
940 8
606 1
242 6
318 5
672 3
632 6
920 5
318 3
582 2
882 6
107 9
717 8
530 2
569 8
70 0
306 4
509 3
646 7
483 2
95 4
526 0
774 9
255 9
683 4
391 6
77 0
186 5
768 0
475 6
776 9
195 3
344 0
121 2
960 6
704 1
108 1
801 4
380 3
278 6
846 5
109 6
17 3
809 5
575 5
931 9
415 3
506 1
978 1
616 4
138 2
413 1
642 6
779 0
359 7
440 8
879 0
540 2
473 5
641 7
104 0
853 2
791 9
492 2
212 2
685 7
558 6
277 5
259 6
175 9
796 0
94 0
466 7
516 7
201 1
464 3
547 3
126 7
891 8
410 9
770 6
948 3
835 1
664 9
685 0
848 4
482 7
487 7
605 3
457 5
734 8
26 0
628 7
272 8
970 0
306 5
872 0
12 5
740 7
864 4
696 6
133 2
547 6
506 3
534 0
523 7
104 9
92 3
988 3
425 1
592 9
35 9
240 0
210 1
552 2
647 1
908 6
930 8
649 0
970 4
654 0
662 1
593 6
745 0
369 1
638 9
427 6
286 9
162 7
925 7
941 0
130 6
219 5
534 5
920 9
240 5
430 6
251 4
815 3
226 6
73 8
782 4
778 0
435 6
929 1
776 7
890 2
174 9
252 9
348 2
136 5
493 7
400 5
570 0
319 0
447 9
297 7
375 6
709 0
620 6
449 4
687 0
343 6
838 7
212 1
760 0
887 0
217 4
677 5
231 9
349 4
603 7
45 1
81 4
300 9
578 8
153 0
595 4
658 8
660 8
758 2
838 9
5 0
633 9
19 5
325 2
599 0
597 7
804 4
888 1
499 8
781 9
173 2
474 7
676 9
771 7
222 7
973 6
182 7
297 9
905 0
806 8
910 2
810 3
397 3
857 9
295 5
551 6
465 3
838 2
172 4
778 8
178 6
701 2
74 6
529 6
49 4
220 8
645 5
6 7
273 1
918 2
485 7
58 5
245 3
450 7
235 1
948 2
213 5
5 5
32 0
359 0
419 3
543 3
145 7
646 9
130 5
269 3
264 1
442 0
206 3
612 9
608 5
362 7
874 0
440 5
522 7
890 6
169 1
615 0
605 1
76 2
851 6
541 5
161 3
786 9
926 2
639 9
828 0
806 1
425 4
363 5
291 8
491 2
902 1
914 0
127 9
220 9
529 6
364 3
707 3
836 5
637 6
969 2
219 5
274 9
648 2
153 5
372 4
245 3
688 7
851 7
507 6
587 0
332 6
352 8
631 6
463 0
622 2
90 4
390 2
604 8
551 7
553 8
245 2
494 3
308 1
242 2
301 5
971 2
818 9
244 1
367 5
360 7
416 1
556 6
108 5
219 5
819 5
858 2
971 1
762 6
522 2
364 4
600 1
501 2
83 0
889 9
934 1
962 2
547 4
409 3
14 3
614 1
980 5
221 5
945 0
572 3
309 3
215 2
261 4
710 9
80 3
517 2
586 8
194 6
70 1
334 3
270 0
792 0
30 5
690 2
57 6
670 1
831 7
705 2
51 9
494 6
319 9
814 2
355 6
472 5
841 3
431 7
351 5
951 8
86 6
772 9
97 1
39 4
380 9
728 5
743 4
513 4
100 2
339 5
576 2
473 0
251 8
359 0
893 7
446 9
693 8
949 0
940 2
452 4
881 3
660 7
387 8
429 3
106 7
17 5
74 6
461 7
736 6
755 9
303 3
834 1
92 4
376 0
171 8
838 6
677 2
583 0
736 5
266 0
643 3
317 8
621 2
449 1
421 7
213 3
141 4
928 7
417 8
524 3
143 4
176 7
750 5
388 5
843 0
906 7
228 3
302 7
803 2
40 3
6 4
285 3
468 4
699 7
420 0
968 4
916 1
796 5
626 4
633 8
640 6
976 3
388 1
834 6
527 9
629 1
660 7
496 1
188 3
252 0
100 8
737 8
605 2
113 7
570 4
694 9
42 0
628 5
100 4
462 3
661 9
449 5
115 8
59 1
457 0
524 1
50 2
796 9
361 3
586 1
377 1
620 7
217 4
980 6
594 8
533 8
403 5
357 9
889 7
497 1
658 6
37 2
550 9
738 1
547 3
756 3
979 4
760 1
725 4
386 0
923 0
506 5
586 9
141 0
800 2
710 3
528 0
447 9
420 0
138 7
365 3
812 3
912 7
406 6
926 6
58 0
248 2
93 0
180 6
719 6
639 1
992 2
812 1
887 0
922 5
640 0
833 5
387 1
981 5
131 7
575 9
839 2
148 9
825 5
728 7
327 0
586 2
487 5
730 1
230 1
199 8
558 9
148 4
845 5
563 3
596 1
391 5
728 5
212 8
697 4
573 9
967 5
332 5
677 8
912 0
476 2
498 6
905 0
252 8
743 3
127 7
438 4
920 3
541 5
946 7
349 4
443 8
347 5
680 5
685 8
992 3
562 1
757 4
979 8
519 6
378 5
118 0
553 6
292 5
829 1
238 0
129 9
83 4
618 1
285 4
248 0
107 5
346 3
762 4
792 7
345 2
547 4
800 6
61 8
873 8
805 2
978 1
472 8
995 1
395 2
953 0
1 2
697 8
689 7
420 9
820 7
630 9
52 1
107 8
353 8
273 7
746 6
984 2
480 2
755 9
760 4
87 8
249 7
318 5
573 9
844 5
380 1
420 0
619 8
199 7
48 9
661 4
983 3
706 2
526 3
81 2
277 8
109 7
188 4
131 5
958 4
65 6
540 7
95 0
491 1
670 1
948 2
319 1
651 9
919 2
912 0
236 8
922 3
802 3
911 7
579 5
463 6
108 1
577 3
603 0
936 5
326 1
891 7
186 9
353 4
662 3
548 5
673 7
315 3
450 4
181 5
524 5
73 9
137 2
291 2
732 6
572 5
867 8
759 1
620 6
60 5
163 6
78 6
180 9
941 3
418 6
742 5
565 0
87 3
500 9
47 1
973 7
855 0
970 1
466 3
476 7
813 7
880 2
804 8
658 3
176 0
881 5
799 9
29 5
783 1
609 2
102 2
595 4
235 3
476 5
142 9
779 9
265 1
698 8
919 2
537 9
345 9
648 6
102 2
890 6
671 5
112 6
518 0
400 7
64 0
503 2
695 5
238 7
122 5
749 5
955 5
734 3
266 9
414 4
929 2
357 6
570 5
317 6
630 7
179 2
180 3
329 7
708 6
367 5
494 4
456 6
543 2
809 8
479 9
493 7
776 1
574 0
565 9
991 0
666 4
29 6
988 6
343 6
670 5
198 0
633 6
988 4
269 1
157 7
844 7
69 6
817 4
282 0
247 1
236 2
623 6
265 3
645 6
358 5
814 5
117 9
773 4
15 1
972 7
651 1
987 7
350 1
189 3
460 1
476 2
876 2
134 1
82 4
429 9
123 6
137 7
479 0
434 7
820 9
742 2
938 7
424 7
752 5
7 2
22 9
79 9
492 8
51 2
313 2
264 8
356 6
633 8
370 5
618 1
863 8
956 2
805 0
667 8
456 5
110 1
44 1
525 0
771 8
202 8
58 7
282 4
741 7
82 5
386 7
41 3
885 1
503 8
900 8
458 0
15 2
456 6
614 1
6 7
67 5
232 8
765 4
467 9
792 5
726 0
793 2
900 3
975 7
389 7
905 7
987 6
112 5
938 6
24 5
355 3
876 3
676 8
477 8
553 1
195 2
264 5
851 2
40 0
438 8
285 4
959 3
382 3
908 6
348 0
286 1
79 4
619 6
986 9
168 7
700 2
645 4
627 6
37 8
761 9
818 9
232 0
574 3
735 2
256 0
546 7
374 7
792 5
886 4
768 8
526 6
358 6
267 1
686 5
710 9
975 2
833 1
201 4
451 5
406 1
546 2
809 8
902 1
513 7
740 2
495 1
575 3
364 8
293 7
514 6
796 6
288 0
242 5
173 5
845 3
593 6
385 2
750 9
872 8
733 2
738 6
596 9
155 1
569 3
92 9
199 9
778 3
765 4
81 8
678 9
486 8
174 9
904 9
387 4
343 6
363 0
934 6
696 4
47 4
77 9
703 3
193 4
445 8
365 7
592 8
137 1
131 3
602 8
573 8
225 8
947 3
80 7
756 0
433 0
104 7
692 2
28 0
274 9
519 8
419 5
218 1
912 1
960 4
348 3
36 1
407 2
505 2
884 3
887 0
458 7
628 4
37 5
693 7
280 0
107 7
897 8
48 7
848 4
36 2
181 5
498 3
710 3
239 5
427 5
6 8
140 2
795 0
315 8
554 7
385 9
683 7
886 5
561 4
38 3
917 6
700 2
667 8
818 5
612 2
353 1
177 7
662 5
405 1
144 9
311 5
992 1
954 2
763 3
633 0
384 2
306 2
631 5
355 9
732 0
274 2
670 1
980 6
884 1
180 1
983 8
276 8
363 0
20 2
558 7
326 7
246 8
200 1
3 8
539 1
919 6
384 3
366 4
309 7
701 6
759 5
463 8
450 5
897 5
303 7
267 1
664 8
256 9
687 2
553 2
616 4
75 4
479 7
579 8
823 8
624 3
998 2
615 4
128 4
805 9
173 3
683 9
668 9
524 8
755 3
387 7
986 3
678 4
844 0
474 8
539 6
317 7
521 8
993 2
57 2
387 3
448 1
807 1
548 6
909 6
898 7
382 3
438 1
922 5
450 9
186 7
980 1
648 0
717 5
742 0
281 3
282 9
359 5
269 3
569 2
808 3
966 5
932 8
953 6
451 5
791 3
91 3
866 8
255 6
732 8
717 2
703 3
347 4
61 2
339 8
9 2
475 9
521 9
243 4
281 1
437 6
839 2
984 0
102 1
799 5
118 5
331 8
585 4
630 7
766 4
494 5
529 7
481 2
895 8
373 4
94 1
913 0
476 8
412 5
14 6
863 4
39 8
339 1
906 9
995 2
488 5
482 7
227 5
655 9
295 5
842 7
334 8
33 8
967 6
725 5
289 2
743 2
958 5
865 8
343 0
410 0
48 2
92 0
498 7
486 7
584 6
335 0
841 3
731 9
335 8
584 5
272 2
60 1
165 4
753 1
217 1
772 9
141 3
364 7
630 2
939 6
671 2
918 2
21 9
761 3
159 1
500 3
785 1
444 4
117 8
175 6
641 1
341 6
916 6
700 6
878 5
948 1
43 1
304 7
336 5
981 8
596 8
34 5
785 3
927 2
153 9
234 8
340 7
571 1
976 1
983 7
743 5
564 9
924 9
441 9
747 9
623 4
495 0
666 2
33 3
758 0
285 4
752 8
111 9
388 6
554 6
318 7
116 8
471 7
45 0
309 2
620 8
902 1
7 2
654 0
917 1
102 2
660 0
756 2
895 6
324 9
567 9
252 2
467 1
901 5
870 5
727 0
358 0
643 7
921 3
306 8
105 4
234 3
8 4
737 5
830 3
216 7
436 7
920 0
962 5
701 9
214 4
725 4
605 0
473 6
100 5
378 0
980 1
278 2
763 6
954 0
392 5
323 1
327 7
853 1
815 3
97 2
423 1
572 3
359 5
514 5
292 9
598 6
164 7
905 1
921 7
357 2
66 3
579 1
848 8
550 8
589 5
421 3
543 9
478 8
477 5
896 5
463 7
720 4
740 2
476 0
420 2
860 8
756 1
30 9
111 1
17 7
22 1
139 1
963 7
577 0
235 0
892 1
232 2
990 0
563 4
902 0
513 1
230 7
127 7
603 9
206 9
212 1
324 6
119 5
90 2
766 0
131 7
576 0
145 0
60 4
262 8
361 3
428 7
21 8
889 2
281 3
905 7
333 5
113 6
374 0
300 3
167 8
719 3
602 8
973 7
916 8
902 0
13 4
155 9
484 6
898 8
687 0
750 2
706 8
539 4
241 2
845 3
131 4
587 6
692 9
341 4
566 6
503 6
334 9
820 6
141 5
87 3
35 0
210 5
78 6
760 4
852 7
791 7
216 9
82 6
836 6
934 8
858 2
987 9
308 2
926 5
911 0
356 4
889 3
850 9
486 7
418 2
976 2
258 4
373 2
305 9
616 0
930 9
504 3
282 3
766 1
308 1
497 9
126 8
711 3
182 5
753 4
899 5
277 5
152 8
89 7
743 8
122 1
791 5
168 0
920 1
465 3
727 1
179 9
923 9
869 1
985 1
738 5
647 2
664 9
164 2
523 2
534 6
840 5
216 1
117 4
118 9
696 5
46 8
98 2
525 4
595 6
758 8
895 2
101 0
968 2
45 7
60 2
279 7
94 4
765 2
741 0
560 8
567 5
287 7
943 9
636 3
879 3
379 1
426 1
644 3
97 5
161 4
153 5
956 8
214 5
395 7
31 5
38 8
579 0
613 6
980 3
276 9
197 5
747 6
59 9
555 8
507 7
67 0
497 0
503 6
355 7
165 8
681 4
827 8
415 0
626 0
275 6
660 6
800 6
677 7
596 0
642 2
676 3
181 0
845 7
141 7
386 9
415 2
366 0
615 2
72 4
711 6
493 7
124 4
939 3
434 0
230 0
419 9
563 5
325 0
343 7
652 5
330 0
94 0
62 2
689 6
976 2
346 4
32 8
307 4
591 1
397 2
327 4
457 4
267 3
868 0
673 4
675 6
13 5
199 8
595 1
510 6
661 9
812 6
381 7
124 0
552 9
885 7
532 5
103 7
812 3
753 7
939 9
265 6
50 2
855 8
884 9
356 0
388 5
150 8
476 8
910 7
484 7
123 5
377 2
768 7
739 9
99 9
860 0
669 6
658 3
131 2
440 3
398 8
637 2
67 2
199 2
148 2
573 6
781 6
779 1
657 6
725 2
680 0
789 9
929 7
867 7
845 1
413 4
201 0
913 8
439 9
308 5
850 4
135 9
183 6
119 0
82 1
431 8
283 8
739 8
318 8
252 3
607 0
655 2
851 3
666 9
991 0
121 3
664 4
61 5
927 3
983 0
128 6
793 0
850 7
725 0
267 4
934 0
799 6
547 4
75 3
380 0
316 7
721 1
132 4
682 6
268 6
857 2
413 6
415 9
383 9
872 7
657 6
268 9
598 4
393 6
564 1
678 1
247 6
22 8
760 7
819 0
491 3
658 8
696 1
464 5
968 4
860 5
31 3
327 5
734 0
358 7
848 9
17 8
201 5
685 7
701 2
758 2
289 7
539 0
735 2
203 5
351 9
368 4
379 4
40 8
745 3
813 4
16 6
813 8
904 1
637 8
859 9
640 6
541 8
585 1
824 7
534 5
754 3
911 1
519 5
363 6
888 5
717 1
96 0
839 7
714 6
5 5
779 5
622 2
988 6
378 9
710 3
179 3
944 3
693 7
824 4
763 0
243 4
661 7
840 5
234 0
641 6
336 0
207 3
934 4
911 4
830 1
442 1
69 5
292 0
125 7
803 2
695 3
148 3
525 1
427 9
581 3
600 9
986 2
503 7
963 4
451 6
373 5
157 7
816 4
407 6
596 0
871 5
219 8
978 6
572 0
293 6
999 0
138 9
830 6
920 3
677 6
132 1
628 3
998 2
808 1
481 1
744 8
253 5
555 1
102 0
594 9
782 0
18 4
475 9
350 4
533 0
863 9
306 2
803 7
352 0
415 3
810 3
354 5
378 8
210 5
165 0
701 4
590 4
444 8
644 5
675 4
452 9
219 2
132 8
426 7
726 5
441 7
344 5
572 0
407 8
532 0
136 0
29 9
961 5
973 4
532 9
352 2
98 5
190 7
593 4
757 9
325 2
104 5
283 2
959 4
661 6
359 6
24 2
255 3
36 7
771 3
985 3
7 6
503 3
128 3
903 8
661 5
972 8
358 3
9 2
587 1
511 4
706 5
572 1
208 2
798 9
906 9
369 2
557 2
987 2
768 8
250 9
521 2
405 8
80 7
875 5
168 7
6 4
894 7
576 7
300 8
467 6
366 9
370 1
238 7
645 7
32 8
265 1
816 1
85 0
110 6
929 5
398 3
911 3
154 3
718 3
833 9
318 5
25 6
542 3
467 5
472 0
344 7
788 6
915 3
347 7
383 3
285 3
122 6
234 3
595 9
748 5
657 5
496 4
103 6
551 2
767 4
506 4
744 0
54 3
606 4
527 6
101 0
543 5
445 6
683 2
886 6
91 4
558 1
624 4
463 4
202 4
296 3
662 0
189 0
497 1
775 2
684 8
567 6
916 7
659 6
59 4
572 9
119 8
306 9
212 8
632 5
683 8
667 1
627 1
333 1
932 9
996 2
670 8
923 7
151 6
677 1
284 4
583 5
334 0
440 6
895 7
454 2
464 1
943 2
811 0
647 8
597 4
297 0
961 2
921 5
496 1
700 7
153 8
28 5
362 9
458 9
282 8
295 4
109 1
973 4
470 3
709 8
794 1
323 7
564 6
847 0
254 0
643 2
36 1
521 7
50 3
880 6
566 5
818 7
100 7
682 0
658 2
6 2
879 8
695 5
810 7
847 5
598 1
655 6
491 6
624 3
627 1
706 0
205 9
186 5
365 1
502 2
983 0
838 6
546 3
39 7
50 3
205 9
912 8
828 0
711 4
928 7
83 1
776 5
690 6
111 3
785 3
326 1
857 9
308 6
674 6
392 7
156 3
909 8
672 6
43 9
460 4
520 6
510 6
59 1
70 1
23 7
610 1
342 1
512 6
818 4
48 6
655 6
778 3
145 2
143 3
258 3
736 6
557 2
448 6
160 1
883 0
215 2
373 2
449 9
721 4
66 1
927 6
696 9
559 3
3 8
704 7
162 2
629 0
430 2
721 9
57 2
356 0
347 4
540 9
977 1
497 4
446 2
205 8
487 3
36 1
750 0
692 5
178 4
548 7
546 6
703 7
580 7
154 0
165 4
821 2
232 5
14 2
277 1
860 3
631 9
254 5
793 3
624 5
52 7
971 0
733 9
950 7
46 9
719 4
377 7
419 2
490 9
836 2
122 9
32 9
514 1
594 5
273 7
886 4
734 2
641 8
736 6
445 1
981 3
787 6
781 9
261 2
215 0
170 4
748 1
821 9
694 0
620 7
481 9
815 1
628 3
841 8
25 0
406 0
826 2
1000 0
751 4
591 5
440 8
292 8
861 1
963 5
502 5
66 9
505 3
421 6
529 3
766 1
443 5
804 5
983 0
428 0
327 6
294 5
808 2
630 5
143 8
218 8
719 1
632 5
767 7
813 4
947 6
78 8
356 2
760 9
588 5
611 2
496 2
416 9
926 4
588 5
33 0
378 0
169 5
772 4
102 1
371 8
797 7
88 5
223 8
762 4
845 0
960 8
121 1
486 0
218 2
498 2
735 7
499 9
113 8
786 5
102 5
184 0
88 9
364 5
786 7
519 4
362 1
260 1
144 5
79 6
416 6
446 2
990 6
779 7
277 2
621 2
351 1
54 8
681 4
901 3
726 0
574 8
901 1
273 7
316 4
123 9
74 3
586 9
242 9
464 3
162 8
365 6
631 5
874 4
96 4
618 9
754 3
916 6
376 8
399 4
822 9
30 9
872 4
35 9
51 6
380 4
13 9
46 3
284 7
418 3
852 3
967 5
870 7
89 2
625 9
518 3
443 7
46 8
853 2
559 9
674 8
21 0
583 8
46 6
32 6
530 8
388 7
50 3
307 5
665 8
446 0
939 0
77 9
991 1
398 0
339 6
697 1
949 0
988 0
337 6
276 6
253 7
676 8
363 0
239 5
813 8
757 8
341 8
439 2
643 0
744 7
713 8
57 2
680 2
207 7
711 3
527 0
621 2
662 9
379 6
12 8
410 1
361 5
260 2
837 8
921 6
994 1
42 7
72 8
309 6
839 5
912 1
736 0
25 0
231 8
969 6
249 8
425 8
728 6
35 1
771 4
878 7
649 3
665 3
884 5
479 0
958 6
504 4
235 3
169 4
959 2
337 0
370 7
58 6
938 2
182 8
965 4
309 7
647 2
542 1
754 9
34 2
891 4
882 4
715 1
564 7
470 2
32 8
917 0
506 0
640 3
312 6
147 3
684 4
994 5
609 4
516 4
517 3
847 4
379 2
890 7
692 1
557 6
230 4
279 2
810 3
715 5
494 1
712 6
43 8
912 6
683 2
203 5
350 8
212 3
251 2
968 2
307 3
50 3
269 9
296 7
226 9
387 7
727 1
35 3
882 6
842 8
735 7
347 3
215 5
62 6
388 7
851 4
602 1
649 4
167 8
924 2
753 9
479 9
403 1
523 2
543 8
192 3
73 7
472 3
154 1
935 1
314 5
745 6
353 3
215 3
899 5
283 3
160 4
575 5
441 4
952 2
980 6
708 6
162 2
696 3
950 1
56 9
188 6
949 1
456 3
187 0
1000 0
98 6
453 1
58 7
823 4
876 4
973 3
902 1
149 3
165 1
754 8
394 3
355 1
198 7
181 3
443 7
26 0
332 0
37 1
513 6
76 2
41 0
609 2
30 9
101 2
156 9
891 2
7 2
115 5
322 5
374 7
951 0
651 4
964 4
979 3
265 7
949 6
577 1
938 3
484 6
805 9
13 6
237 2
523 3
179 0
581 6
30 7
50 9
639 1
899 0
667 1
689 1
890 5
167 6
557 4
71 1
149 9
408 4
389 6
175 2
501 3
194 8
699 7
837 1
954 7
157 9
233 9
761 6
124 3
916 6
855 0
966 0
21 3
214 4
59 1
730 7
851 1
244 4
990 1
758 9
731 1
212 7
297 7
626 7
25 6
736 8
1000 0
832 5
915 0
761 1
979 3
653 4
549 9
346 1
433 6
860 9
446 1
175 5
525 7
251 8
877 7
660 7
598 7
686 9
595 0
957 5
207 1
291 3
908 3
961 2
42 7
413 0
801 9
297 3
360 8
496 9
377 4
774 0
852 2
678 5
365 9
591 2
732 9
36 4
741 7
905 5
196 1
226 3
77 5
385 0
919 8
456 5
207 9
345 2
388 1
730 3
201 3
1 0
752 7
190 3
645 7
626 3
579 3
584 6
82 6
720 2
138 8
337 7
442 6
731 2
745 7
780 5
63 8
699 2
880 0
675 8
189 0
181 9
1 3
228 7
178 6
572 7
945 5
631 6
633 5
904 3
376 3
790 3
733 7
640 1
943 9
184 3
912 2
443 1
936 0
705 3
768 4
35 2
791 8
39 9
969 2
888 9
228 3
954 0
138 7
470 1
169 0
35 0
583 0
614 0
580 2
321 2
217 2
974 5
695 2
545 3
782 0
495 1
422 6
366 5
800 2
286 0
957 4
383 5
470 3
757 2
149 6
115 4
536 3
288 6
633 8
654 1
671 0
829 8
405 5
852 7
415 2
69 0
348 6
832 8
389 1
672 0
571 0
865 3
450 9
252 0
806 9
789 9
767 9
950 0
369 4
588 4
66 6
505 7
514 3
22 5
939 1
961 3
806 6
524 9
560 6
419 7
272 2
256 4
214 7
366 2
943 9
267 2
969 6
891 1
643 0
164 0
431 2
289 1
436 2
740 2
548 9
838 4
226 7
802 9
632 7
592 1
135 1
675 1
611 1
554 4
21 7
778 7
398 3
385 0
519 2
972 8
253 9
189 4
636 0
281 2
166 5
491 1
31 4
856 8
849 9
368 9
596 9
335 5
590 0
435 9
142 8
796 0
273 5
316 3
687 8
118 0
995 2
946 7
507 2
567 4
10 0
87 7
485 0
171 4
927 8
522 1
681 7
819 6
982 9
518 8
745 5
312 8
557 6
32 0
15 5
25 9
651 5
836 2
671 1
631 5
48 0
361 8
585 3
564 0
142 7
676 6
797 3
99 4
905 7
887 6
406 0
993 6
312 1
287 1
500 8
559 6
421 0
151 3
216 6
136 0
162 4
1 9
793 7
37 7
460 4
201 4
431 6
330 7
188 1
237 5
58 1
95 3
414 2
65 7
888 0
111 8
408 8
94 6
994 1
104 0
124 9
931 6
856 0
64 3
283 7
567 6
823 6
593 8
987 0
941 3
255 3
555 8
806 6
384 0
51 1
77 2
325 0
259 9
276 2
331 1
1000 0
43 7
225 8
772 2
146 9
4 1
745 7
100 2
933 7
765 8
2 6
559 9
722 2
25 8
598 5
605 6
42 0
251 1
586 5
215 8
562 1
503 3
507 0
759 4
97 0
931 9
632 8
340 9
887 8
449 4
461 4
764 2
136 6
541 1
207 0
599 3
607 9
646 4
948 5
424 5
6 5
104 2
516 7
286 2
939 7
125 8
165 2
203 0
646 3
780 4
209 5
963 6
630 4
614 6
910 2
852 1
558 0
602 8
89 8
981 5
479 3
644 9
925 7
799 7
736 9
526 5
382 4
186 7
950 7
535 6
913 1
887 3
702 8
225 5
320 6
649 8
76 6
922 3
134 3
998 0
605 2
123 6
64 0
292 2
868 7
397 4
191 5
757 6
479 7
304 4
996 0
321 3
210 4
306 7
937 8
667 4
253 1
86 2
889 6
11 1
619 7
971 0
549 0
505 7
270 4
586 5
601 8
281 2
958 8
282 0
358 0
212 9
366 6
519 4
742 4
148 0
757 8
891 2
136 8
634 6
167 7
233 4
23 3
265 9
966 2
153 0
430 3
851 3
71 1
138 6
625 5
344 2
765 2
324 7
349 0
91 5
435 5
398 2
513 2
276 5
67 3
435 0
348 4
71 0
674 1
99 4
90 4
408 0
602 7
680 0
309 3
139 8
599 2
781 0
328 9
707 0
766 3
434 5
816 2
272 2
997 0
87 0
80 6
512 4
423 8
683 1
628 4
808 2
591 5
547 4
399 1
597 6
147 0
842 9
484 3
704 7
578 7
912 0
979 2
458 1
585 5
598 9
321 6
552 1
528 3
689 9
544 2
261 2
309 2
887 4
688 0
980 7
394 4
455 4
566 3
107 3
24 9
501 5
115 6
706 8
719 9
296 8
323 7
770 4
367 4
10 2
944 8
814 8
552 9
139 9
905 3
285 0
163 8
982 7
972 3
800 7
869 6
838 9
942 6
349 7
369 4
231 1
293 3
144 1
625 4
683 3
426 1
908 8
471 1
383 4
53 1
963 5
5 8
261 5
376 8
537 1
100 1
848 1
228 0
63 6
119 4
417 7
579 1
19 9
97 4
103 3
771 9
980 7
759 9
896 6
422 1
950 6
703 0
589 0
306 3
964 5
304 6
934 8
810 0
337 5
187 7
723 9
700 7
452 9
95 2
655 7
828 8
64 8
183 1
58 8
647 9
625 1
718 5
746 6
418 5
18 1
931 2
564 3
757 7
513 2
426 0
753 9
339 2
996 0
359 7
148 5
118 0
678 8
651 5
613 3
387 9
365 2
141 9
578 7
475 5
608 7
33 5
600 3
402 3
914 2
977 9
626 5
100 6
505 0
597 2
820 8
951 6
784 4
732 3
765 2
697 2
406 6
265 9
766 5
352 2
952 2
629 4
778 5
554 6
898 9
435 8
40 2
86 4
158 5
875 1
531 3
259 5
973 5
515 4
478 9
864 3
377 0
481 5
412 6
422 1
163 0
752 0
916 8
96 0
873 8
756 2
42 5
834 0
391 6
314 8
141 4
420 3
346 5
599 2
386 5
572 5
953 3
369 2
809 5
846 7
65 3
694 7
601 2
783 0
386 2
808 4
109 0
34 6
939 6
936 4
612 5
729 6
871 7
981 6
263 3
518 8
609 3
93 7
597 8
785 9
217 9
978 1
782 4
823 0
136 0
983 8
347 8
109 6
188 9
864 5
721 7
926 5
721 9
748 0
331 4
880 9
287 8
90 0
748 1
246 3
55 6
339 5
793 1
524 8
947 8
705 6
340 2
151 1
471 2
12 2
895 9
560 3
210 4
856 7
151 9
456 3
166 4
357 0
23 4
268 2
811 0
934 8
612 8
176 8
287 8
160 3
581 5
458 1
236 4
91 6
857 0
194 4
710 4
909 6
26 4
867 7
22 6
650 9
64 9
832 0
803 6
659 8
293 8
537 3
190 9
30 1
530 0
944 6
519 5
456 6
300 2
846 3
175 2
37 6
306 6
507 4
862 6
989 3
301 0
291 6
137 3
294 6
389 2
293 7
304 0
69 8
216 0
119 6
687 2
788 9
220 1
559 2
405 3
22 7
750 3
826 8
629 3
631 4
936 3
651 5
324 5
283 9
7 8
876 4
201 2
465 8
957 3
205 2
152 8
93 2
180 8
987 4
636 3
227 0
503 7
476 1
555 8
162 5
386 9
693 1
789 7
732 0
900 0
821 8
928 1
604 3
976 2
99 8
569 1
183 7
327 0
173 7
559 1
636 4
386 7
895 9
644 7
654 3
358 8
341 0
100 6
403 5
342 4
961 5
927 2
653 5
780 8
1000 0
193 3
595 5
141 0
379 1
398 7
645 3
575 2
856 8
128 4
740 4
763 5
136 7
756 5
427 0
721 6
774 4
369 9
181 9
443 6
491 8
398 4
810 4
100 9
755 1
467 6
463 6
893 0
736 2
44 4
182 5
538 7
816 1
335 3
569 6
387 3
439 1
93 0
960 4
231 3
245 1
350 0
811 1
817 8
163 6
968 0
914 2
20 4
176 8
748 2
496 9
709 6
183 9
898 4
216 3
461 9
889 5
979 9
821 6
987 1
42 1
437 5
253 4
343 1
647 5
269 9
46 8
685 9
167 1
951 1
453 3
198 5
357 7
751 3
504 8
47 8
23 5
186 5
130 1
284 2
118 6
558 3
971 2
378 7
368 7
181 4
688 2
62 5
617 3
970 1
100 0
357 4
789 3
787 3
100 7
15 5
160 3
878 5
673 0
631 2
368 3
247 3
309 0
737 4
220 7
544 0
728 2
114 5
453 5
926 5
758 7
803 4
467 1
65 9
983 3
769 0
897 6
471 6
561 3
480 9
131 4
198 2
454 2
260 8
873 3
780 7
289 4
497 1
498 1
185 9
370 5
426 9
435 1
961 8
98 9
18 5
319 7
362 8
408 1
848 2
473 1
817 3
901 7
182 0
506 6
435 7
289 6
946 7
895 0
793 3
407 8
570 0
567 2
782 2
393 1
130 8
860 0
480 8
849 7
922 6
698 3
145 1
195 4
188 9
354 4
280 1
560 3
566 6
145 6
208 3
816 9
143 2
296 0
801 7
199 8
304 7
126 3
440 5
272 5
151 8
16 5
6 2
510 5
120 8
679 2
532 3
27 9
827 0
403 9
158 1
87 5
821 3
395 7
300 6
608 1
346 4
294 6
850 4
639 9
824 7
769 0
546 9
642 6
656 8
651 2
395 0
241 3
584 2
534 6
896 9
117 1
578 1
511 4
659 6
912 0
898 1
730 0
458 2
182 3
157 2
286 2
622 1
875 0
262 8
81 8
848 0
549 0
197 1
612 8
632 5
90 0
795 4
337 8
260 9
478 9
534 5
882 6
846 3
665 1
729 9
223 3
656 1
597 6
960 5
427 5
771 2
614 9
962 1
854 4
282 7
499 6
762 6
149 0
211 5
318 7
242 0
833 3
368 9
755 2
628 6
813 2
569 8
328 5
691 9
99 1
881 5
271 8
779 4
96 7
800 1
45 7
139 7
513 1
871 2
868 7
796 3
708 1
225 2
72 4
241 3
473 5
489 6
900 4
550 4
370 9
201 9
883 9
147 8
331 4
875 3
589 9
491 4
637 0
584 1
399 1
853 1
980 2
939 4
658 3
830 2
304 5
814 4
422 5
225 6
538 6
506 5
530 7
729 4
107 0
50 9
437 1
965 1
536 1
563 4
323 9
803 8
204 0
657 5
10 7
249 1
292 2
36 4
932 4
817 1
478 7
509 6
152 9
410 3
859 7
909 0
742 9
5 2
301 5
581 5
822 4
673 8
307 6
46 0
676 2
381 6
293 5
960 4
516 3
614 1
919 6
74 7
89 1
419 6
982 0
661 9
262 0
965 4
888 0
940 2
247 2
573 1
869 9
195 9
735 7
162 7
434 2
919 3
522 6
351 0
146 7
539 7
947 7
681 4
666 4
66 3
398 9
893 9
694 5
832 7
320 4
168 8
290 3
307 7
479 8
356 4
477 6
857 0
132 0
915 7
111 2
594 2
500 2
504 2
773 5
597 4
413 0
344 9
594 2
201 3
917 4
880 2
869 6
272 3
248 5
623 6
178 7
443 7
162 9
485 3
116 5
548 4
30 8
909 1
570 9
317 9
474 0
788 5
184 9
55 4
111 1
225 3
251 8
41 4
462 3
653 4
943 8
459 3
737 9
217 0
339 1
704 9
233 8
365 7
289 4
319 1
516 2
658 4
147 4
581 8
49 4
540 0
749 7
58 6
315 1
919 6
524 7
677 5
531 8
702 0
60 8
816 3
733 5
743 4
314 7
983 4
182 8
994 2
67 1
330 3
896 3
60 7
552 1
157 1
415 9
270 8
515 1
535 1
530 5
405 0
406 2
559 8
364 6
297 8
885 9
459 1
195 9
347 5
689 0
246 8
32 3
873 2
847 2
161 8
514 8
745 7
341 1
673 7
999 0
916 8
443 4
812 6
639 3
168 1
161 4
826 8
299 8
236 3
757 0
517 2
611 1
938 2
386 1
652 4
719 8
528 5
381 1
296 2
732 7
603 7
652 4
978 8
742 3
858 3
616 0
642 6
704 7
358 9
252 5
390 9
417 4
742 3
990 1
487 9
89 6
948 9
557 9
952 0
588 0
779 1
919 0
778 8
708 4
574 7
817 6
298 5
763 2
749 6
607 2
845 5
149 1
338 0
36 2
487 7
990 7
977 5
154 5
302 6
601 8
373 7
771 2
37 9
814 6
360 3
848 4
883 4
161 3
615 3
380 1
413 3
948 2
977 7
668 4
214 0
30 3
448 9
837 5
786 3
459 8
237 0
931 6
228 6
62 9
372 7
224 7
243 7
875 1
689 1
23 6
755 9
63 6
434 4
511 4
834 3
873 7
952 1
353 3
359 6
948 8
707 9
319 9
57 7
243 2
310 6
467 1
167 7
699 5
233 9
681 5
238 0
377 4
515 8
923 3
325 9
767 5
260 4
71 7
460 0
578 7
623 9
103 5
820 5
870 5
812 0
880 4
601 3
492 0
851 3
438 7
908 4
719 2
211 1
7 4
789 1
891 6
69 0
253 9
583 7
224 0
390 9
124 5
542 6
22 3
489 1
172 0
472 8
490 7
113 9
625 8
536 9
222 3
46 1
177 7
849 7
12 1
820 3
18 3
656 4
883 4
272 7
780 4
284 5
416 1
485 1
245 2
426 7
260 0
319 0
179 0
785 3
571 0
119 1
846 4
112 3
82 5
260 5
545 9
12 6
215 1
606 7
849 6
123 0
390 5
322 6
950 7
847 2
69 6
138 7
934 3
152 5
332 5
383 1
492 2
831 1
903 9
506 3
46 3
637 1
563 2
652 3
932 0
697 3
399 3
348 0
958 6
418 3
814 5
934 3
274 8
896 5
485 0
298 2
498 2
215 9
167 6
182 6
488 2
573 2
156 2
150 9
865 2
386 6
428 3
834 6
457 0
720 4
548 0
663 1
720 7
45 1
540 5
525 6
630 9
542 0
800 0
537 2
313 1
429 4
853 4
746 7
3 6
837 1
846 5
554 0
215 5
103 9
899 1
182 9
225 0
315 1
661 9
903 9
655 1
964 6
219 5
164 1
307 6
60 3
300 3
517 5
900 7
405 5
136 1
539 3
117 2
936 8
397 4
292 7
439 2
682 6
957 3
305 9
463 5
66 7
582 2
828 5
226 7
21 3
832 2
599 8
789 1
590 2
784 0
692 3
7 7
318 2
249 7
646 0
454 0
972 1
720 4
814 5
269 6
656 0
458 6
23 9
480 0
745 6
294 4
845 9
807 0
612 9
731 2
662 0
702 3
932 1
780 7
50 1
295 3
17 4
25 1
737 5
736 4
475 1
981 1
267 2
807 8
474 9
704 4
729 8
879 1
270 3
402 4
707 3
640 1
904 3
368 6
583 6
567 5
768 3
621 7
77 3
286 5
840 9
407 8
36 4
913 2
411 5
799 0
877 9
238 1
268 4
449 7
444 7
384 8
271 1
800 7
153 1
384 8
428 9
503 5
814 2
431 4
111 0
611 1
498 3
383 7
713 7
254 0
280 0
496 4
644 1
49 2
303 5
883 6
64 9
25 3
356 7
247 5
57 3
415 9
582 9
307 3
723 3
752 6
621 6
766 0
965 0
157 0
24 9
182 0
2 8
696 3
789 7
374 2
708 7
956 5
900 0
765 7
644 0
916 7
867 8
684 7
153 1
818 9
578 9
210 8
861 7
813 2
495 4
748 8
339 4
789 2
705 4
924 8
227 3
364 9
764 3
96 5
143 1
667 6
501 2
556 8
553 9
345 3
396 5
367 9
487 5
861 3
479 9
722 8
569 5
632 9
496 9
978 2
485 7
751 0
929 0
372 6
36 7
264 9
785 7
107 9
28 0
396 9
996 0
683 8
782 5
513 0
104 2
566 4
733 6
830 9
840 9
152 9
596 9
436 3
590 0
775 5
277 7
8 6
534 6
688 2
329 9
367 3
849 3
992 3
129 7
665 9
339 2
56 4
837 4
53 6
859 3
704 6
706 8
165 2
562 8
453 9
273 2
565 1
204 1
852 3
382 3
567 5
550 3
42 8
276 6
922 6
44 4
707 3
339 3
484 7
782 5
229 7
937 3
798 0
831 3
260 8
293 8
857 7
565 4
543 8
662 4
907 4
691 9
727 5
89 3
765 4
456 6
824 9
159 6
273 7
498 7
538 2
678 8
617 7
441 6
314 8
334 3
940 4
460 5
319 9
906 7
112 2
868 5
33 8
647 4
489 9
978 5
432 2
309 2
339 0
850 7
955 9
742 0
1 7
218 7
123 0
426 9
486 2
966 1
861 1
580 8
290 0
907 4
747 5
640 1
88 6
751 8
568 1
179 8
916 1
791 4
615 8
942 9
390 2
678 4
135 0
399 3
239 9
728 1
421 2
701 4
988 4
474 2
789 5
991 6
760 7
134 6
806 2
800 0
633 0
692 4
337 0
773 8
960 8
2 6
47 9
892 2
236 3
403 8
815 2
999 0
369 0
897 7
341 7
492 5
4 7
679 8
802 8
513 3
304 2
979 9
300 8
730 9
763 5
420 7
306 1
816 3
100 4
605 5
173 6
201 6
313 8
684 8
681 5
692 6
581 5
796 0
973 2
755 3
288 2
953 6
991 0
115 6
582 2
821 8
842 3
565 9
887 0
308 7
951 9
71 5
16 0
882 1
820 2
38 0
788 9
342 3
114 8
735 3
744 7
344 0
991 0
418 7
14 9
128 8
982 9
450 0
72 3
779 1
890 2
186 1
342 4
510 5
539 9
826 1
497 8
239 3
571 5
165 3
329 5
922 0
713 5
976 8
586 3
322 7
719 2
172 4
290 7
38 4
945 3
212 5
763 3
956 8
245 2
598 5
455 2
935 6
548 2
335 3
241 8
132 1
856 4
768 2
834 3
178 8
801 8
149 6
8 2
78 0
941 7
276 3
700 2
988 6
105 8
353 8
788 6
448 4
26 3
411 7
226 2
299 6
121 1
249 8
42 1
146 7
894 1
133 8
763 7
651 9
734 8
676 5
330 6
844 0
907 9
539 1
545 4
280 9
645 6
250 7
9 8
652 7
416 6
70 5
413 4
44 4
911 1
935 2
811 4
896 8
949 6
132 9
854 9
13 4
160 8
651 3
146 0
820 9
786 2
596 0
51 8
700 3
886 6
214 1
774 7
301 3
40 1
674 2
196 0
694 7
914 1
434 3
102 7
480 1
504 3
855 2
942 1
614 4
853 0
738 1
357 2
219 4
607 6
128 1
789 5
506 4
270 7
328 1
308 6
845 8
786 1
562 0
950 6
626 9
727 5
799 6
791 1
8 3
453 6
518 0
544 0
370 3
778 5
812 9
615 9
135 0
415 3
524 1
378 9
432 6
176 1
561 8
25 7
548 0
970 1
915 3
25 6
381 8
667 9
100 3
207 6
493 6
483 6
395 7
580 0
999 1
864 0
885 2
705 4
181 7
53 6
685 5
582 4
414 9
281 1
695 0
645 7
77 4
80 0
859 6
575 5
388 4
702 2
404 1
502 4
971 6
247 4
265 3
776 7
526 2
195 2
82 1
58 9
193 2
91 4
649 7
587 0
316 4
940 3
964 1
577 5
982 4
7 3
371 0
471 8
213 5
835 7
297 0
305 9
520 2
243 6
168 6
294 2
391 4
44 5
54 7
439 9
178 6
924 2
577 6
664 3
887 1
78 4
743 3
407 4
270 0
648 7
503 6
27 7
856 2
941 8
952 4
913 7
651 2
551 9
419 1
464 1
213 7
224 9
783 6
29 5
173 2
56 2
610 2
115 5
252 2
933 6
464 5
452 7
533 1
399 8
768 5
281 5
135 4
459 4
632 1
971 7
305 4
971 8
248 1
685 6
594 2
615 1
449 0
275 9
243 3
349 2
483 7
420 4
187 4
808 2
633 2
853 3
855 8
144 9
969 7
83 3
967 4
707 5
154 8
454 3
506 9
40 8
390 7
683 1
459 8
626 7
985 0
743 2
694 7
138 9
121 7
157 1
41 2
301 4
279 2
141 4
732 0
814 4
606 8
483 9
548 1
662 6
249 8
540 6
701 0
163 4
181 8
498 0
664 2
960 5
899 4
551 6
901 7
983 5
58 9
83 6
855 9
996 0
175 0
230 4
775 8
664 2
99 5
133 9
605 4
991 2
285 0
486 3
594 2
193 0
342 3
827 9
95 1
255 4
473 7
739 7
907 7
866 1
101 4
157 1
468 0
887 7
437 6
287 9
617 4
58 9
945 4
537 2
124 0
606 6
464 2
345 5
24 6
878 9
401 2
586 5
268 5
945 7
362 0
17 5
641 1
640 2
806 9
183 2
626 2
609 7
982 3
683 1
979 3
836 2
883 1
566 6
426 9
684 5
909 4
433 2
274 0
486 8
730 3
565 9
933 1
355 7
835 7
525 4
618 7
601 0
398 9
817 2
132 8
63 9
615 8
277 9
882 2
528 1
260 6
250 4
85 7
846 3
845 9
314 3
547 4
923 1
383 0
278 0
865 8
406 4
519 8
90 0
278 0
886 2
59 2
250 2
189 0
364 6
891 8
178 4
938 1
94 3
748 2
182 9
133 4
994 0
87 5
42 9
808 6
855 6
503 8
935 8
256 4
800 3
404 5
941 5
292 8
560 4
9 7
970 5
161 6
973 5
39 3
863 5
902 0
327 2
204 2
504 0
823 7
455 1
110 6
833 7
558 8
897 6
826 5
595 7
929 7
37 3
821 6
266 8
246 7
105 6
938 9
74 7
311 2
821 8
413 9
868 0
6 6
473 1
962 4
581 2
726 6
804 3
696 0
923 4
982 8
180 6
897 7
19 3
863 9
740 5
932 9
376 6
603 0
174 5
668 2
597 1
540 2
8 0
780 5
507 2
151 2
388 6
465 3
815 3
825 0
556 6
627 5
87 7
841 7
16 2
548 8
762 7
186 1
411 1
471 6
625 2
721 2
952 0
849 3
995 1
891 4
443 5
669 2
532 7
774 4
748 0
999 0
644 4
184 3
308 4
272 4
344 2
794 2
538 4
730 8
480 4
450 0
650 1
620 6
37 0
992 2
544 0
315 5
10 2
3 7
817 0
111 5
151 1
608 2
34 1
336 9
879 0
446 0
666 6
767 4
633 9
732 0
255 8
503 7
478 7
867 3
377 6
122 1
760 8
255 3
360 2
286 3
977 0
347 7
62 3
350 7
503 0
469 6
302 0
30 7
240 9
442 2
267 9
876 0
389 8
915 3
89 2
368 9
196 2
654 5
950 2
155 2
676 2
892 4
955 4
104 9
272 6
830 7
983 1
382 5
151 4
558 8
2 1
812 3
510 9
449 9
605 1
595 1
149 9
211 7
681 6
857 9
633 1
398 9
164 9
970 2
762 2
659 6
642 5
945 9
569 4
865 2
708 7
673 6
417 8
131 3
916 5
50 6
23 8
294 6
126 8
128 7
115 5
882 4
47 4
386 3
954 2
825 8
534 9
287 4
488 5
333 7
40 9
316 1
363 9
624 4
375 6
324 6
595 9
728 7
106 7
312 1
704 0
536 5
614 7
478 9
608 1
772 0
291 2
548 2
717 5
966 1
968 7
337 3
920 6
66 7
346 2
7 8
84 1
893 4
174 6
577 9
120 3
146 3
987 5
6 7
927 7
610 9
556 7
537 8
880 6
513 9
346 3
76 2
796 7
146 4
540 4
82 1
686 8
527 4
112 1
485 9
170 0
570 5
519 7
148 7
883 1
717 5
290 6
589 6
57 4
37 3
875 6
715 9
23 6
50 8
572 0
577 2
565 7
538 0
907 0
945 3
463 2
886 8
916 4
362 8
266 4
36 6
41 4
218 6
910 9
925 5
68 9
506 3
921 2
462 6
49 2
351 5
239 6
957 7
1 1
575 4
837 0
273 0
243 4
765 7
990 4
946 8
636 9
320 8
618 2
394 4
665 8
280 6
727 0
957 5
890 9
785 8
629 8
464 0
787 1
102 7
110 8
848 7
249 5
498 0
522 3
941 3
389 0
853 9
175 5
520 9
972 1
931 8
887 9
788 3
542 4
792 6
503 9
956 9
53 6
224 2
166 2
726 4
980 7
442 4
218 2
741 4
759 7
980 2
346 0
386 3
854 4
960 2
33 1
479 2
505 3
472 3
10 9
622 2
76 5
541 0
514 8
609 2
593 1
398 8
248 4
231 2
12 1
738 2
730 5
408 5
553 1
762 9
817 4
857 2
919 5
323 9
423 4
901 7
258 3
79 4
178 3
439 8
113 2
872 8
501 4
412 7
732 3
647 9
379 9
179 9
23 3
958 4
157 9
813 1
167 4
237 4
493 6
123 5
389 4
93 7
905 8
159 0
3 3
816 1
310 4
448 7
369 2
161 1
6 6
519 9
390 6
863 2
717 7
98 5
977 0
392 4
423 8
877 5
490 8
798 8
976 6
869 1
838 0
283 6
40 0
395 7
188 2
430 8
30 9
906 2
690 7
160 5
387 7
646 2
309 8
833 4
759 0
880 0
129 2
562 9
875 7
764 6
41 5
278 4
79 8
538 0
446 3
401 0
176 1
240 8
243 3
607 8
545 7
723 0
653 7
155 9
483 8
654 4
495 6
306 9
416 1
417 4
777 9
769 2
978 6
652 6
290 9
508 1
649 6
959 5
740 8
946 0
884 8
272 6
823 2
939 6
287 0
256 2
340 2
817 3
131 3
942 2
863 5
110 1
261 7
777 7
419 5
482 1
638 2
247 2
778 4
435 7
674 4
807 1
964 2
589 7
414 1
142 1
123 0
272 0
356 1
88 1
282 3
750 5
34 0
744 2
238 2
424 6
574 2
595 5
188 7
755 6
706 1
927 0
882 5
734 0
733 4
667 8
615 4
200 3
780 2
899 2
417 7
849 9
951 4
969 2
598 1
36 6
101 2
223 5
818 5
665 5
683 8
814 9
92 9
166 0
289 2
823 0
121 5
504 8
678 0
737 8
248 5
649 9
848 1
21 1
90 2
947 6
955 3
295 1
569 3
951 4
634 2
304 2
119 2
809 7
885 0
597 0
234 3
931 9
139 6
971 1
201 1
680 0
556 8
683 0
731 9
125 8
824 4
373 2
599 1
321 8
844 4
129 6
417 9
179 9
55 0
250 1
100 8
101 9
101 5
60 0
771 6
728 8
692 6
921 7
372 9
436 9
148 5
695 4
267 6
375 2
953 6
25 5
718 0
680 7
249 0
227 3
350 7
748 6
401 2
441 1
71 4
437 2
40 7
188 3
799 3
644 2
513 3
833 2
444 6
639 5
975 4
831 4
518 0
883 6
53 5
452 5
595 8
150 7
712 4
724 2
259 4
171 1
731 3
289 6
481 1
100 2
870 0
622 2
679 7
325 4
845 6
389 3
365 5
735 3
380 5
304 7
742 9
899 2
689 4
565 2
177 7
406 2
821 9
450 9
193 5
475 1
867 6
832 6
493 4
496 4
175 0
857 2
786 5
346 4
864 6
451 4
939 4
772 3
312 4
998 0
677 1
184 2
547 1
295 5
880 6
61 6
843 9
452 2
928 3
919 2
417 5
311 8
172 1
521 3
651 8
16 0
58 0
856 0
595 5
464 2
238 9
674 5
177 3
565 8
724 4
156 1
4 2
893 0
469 2
944 9
369 6
302 6
217 2
63 6
968 2
157 4
995 1
671 4
944 7
212 5
880 4
62 3
673 4
265 7
349 9
83 0
469 2
855 4
374 3
996 2
594 1
514 9
413 2
312 5
494 4
521 0
99 4
91 2
179 6
25 5
997 3
827 0
181 1
613 0
106 7
461 1
653 2
633 0
401 9
193 6
457 8
857 5
865 4
997 3
356 0
966 2
208 8
927 2
903 9
919 5
492 9
573 0
761 1
193 3
55 2
562 9
572 5
664 8
570 4
166 6
346 2
676 3
345 0
879 6
870 1
411 4
98 9
521 3
167 7
89 8
309 0
106 6
521 2
282 1
557 2
477 6
766 1
989 8
233 5
356 5
185 6
1 9
569 1
614 5
12 5
37 5
12 8
963 8
489 7
647 9
272 1
543 1
491 3
157 5
747 9
404 8
51 9
406 2
610 5
713 1
894 4
602 9
548 0
886 9
948 4
433 9
649 5
206 6
709 0
873 8
908 7
958 1
917 1
20 2
671 4
144 0
14 8
459 9
288 0
744 4
60 7
281 3
185 0
716 9
774 3
169 2
894 7
946 2
904 1
585 5
497 8
320 4
945 8
502 0
882 8
385 4
102 0
899 0
391 3
743 7
447 8
864 2
22 5
875 6
269 1
606 4
201 1
234 7
282 5
509 8
319 0
189 4
260 1
709 3
673 6
166 2
828 2
293 6
97 5
431 8
816 1
813 5
90 6
923 9
372 5
308 1
250 7
967 8
284 7
240 3
177 2
601 8
824 6
457 9
606 8
190 9
614 6
337 5
828 1
93 4
17 1
365 5
328 1
382 3
630 1
791 2
785 3
943 1
393 5
893 8
293 8
199 0
481 7
992 0
510 2
869 2
467 5
13 3
773 2
720 0
545 3
617 0
723 6
49 2
264 6
684 6
859 6
573 1
675 8
783 3
307 9
62 2
833 0
773 1
514 4
921 0
377 2
806 8
147 4
174 2
367 5
878 6
888 2
379 6
517 2
95 8
311 8
830 7
821 1
13 1
450 7
803 8
556 8
163 9
521 8
393 3
888 6
811 5
93 1
468 3
496 1
621 6
995 4
964 1
151 9
289 5
317 5
462 9
348 5
818 7
281 2
36 6
752 2
177 8
626 6
602 5
297 1
332 4
580 0
858 0
968 4
29 3
388 5
535 2
501 5
631 7
418 3
154 0
511 9
444 3
885 2
508 0
469 0
221 4
951 0
932 4
326 8
124 8
750 9
30 5
857 1
235 5
822 8
432 6
708 8
522 4
389 8
108 1
302 8
802 9
205 3
438 2
436 7
395 8
892 2
401 9
856 5
510 7
910 3
783 3
741 7
805 4
864 0
736 4
350 9
696 1
299 0
32 3
295 5
678 1
651 1
785 0
789 1
412 2
609 1
510 1
351 4
269 2
619 9
209 1
878 0
266 3
582 1
867 1
988 7
810 1
391 2
209 1
316 4
138 2
863 9
788 2
892 0
590 5
379 0
197 3
321 8
151 4
743 3
237 5
471 6
232 0
545 2
513 9
872 2
9 3
430 8
524 1
536 2
297 1
661 6
725 4
760 4
254 9
659 6
19 6
169 7
305 1
893 5
82 5
744 6
670 9
507 5
332 5
363 3
343 3
779 9
540 0
396 8
80 8
705 6
374 2
511 7
251 6
788 4
111 5
945 1
976 2
637 1
829 5
972 4
684 9
792 3
334 1
6 8
251 0
161 7
171 6
138 9
702 2
211 8
903 8
250 0
660 6
953 9
751 3
989 7
875 0
231 7
582 6
154 2
653 3
853 2
425 9
269 0
683 5
402 3
467 1
182 9
14 2
544 2
268 1
448 2
30 4
915 6
172 2
157 8
917 2
859 3
633 5
209 9
6 7
551 7
211 4
525 1
149 4
114 4
386 5
809 3
698 4
924 7
480 8
667 6
415 1
702 7
945 1
903 0
547 0
493 1
766 3
514 6
824 3
844 5
165 4
927 6
258 2
109 9
798 0
509 4
925 2
904 0
337 8
778 8
300 2
110 4
316 7
816 3
855 1
904 0
794 5
684 1
987 1
563 9
162 0
323 8
881 5
801 5
110 9
591 2
821 5
945 3
937 1
461 2
661 0
390 0
948 7
842 7
513 1
700 3
124 8
637 7
995 3
883 2
690 4
699 2
187 2
861 7
44 6
938 5
70 5
551 8
618 0
512 2
879 6
34 9
53 7
268 9
98 0
699 3
153 6
623 9
956 7
82 4
451 3
973 2
623 2
846 0
385 0
173 8
619 2
105 0
383 4
432 9
609 3
157 4
260 3
465 2
67 0
821 8
873 7
713 7
721 7
230 9
779 7
933 6
922 0
355 6
974 0
186 9
690 3
664 0
753 5
15 5
78 7
781 0
415 9
229 3
58 5
750 5
18 7
394 7
731 2
236 9
945 0
97 9
339 7
725 2
841 3
105 6
330 8
558 6
100 7
882 0
843 3
812 3
821 0
865 2
802 7
344 5
891 3
2 6
331 4
333 1
231 9
904 7
423 4
21 0
754 4
344 1
496 6
824 7
863 0
692 2
108 9
241 7
54 2
100 7
439 1
828 0
151 3
261 3
380 5
877 7
622 3
148 4
639 2
131 8
168 7
544 1
720 0
104 1
632 1
623 8
597 0
535 6
745 8
409 6
812 2
803 5
559 0
752 5
315 0
559 5
935 3
645 2
995 0
329 1
53 2
925 3
941 8
513 8
229 9
723 3
360 7
195 8
420 0
446 7
671 0
888 2
6 7
330 4
31 4
709 5
465 9
843 2
466 0
877 8
652 5
85 9
434 9
574 9
307 2
248 4
528 1
367 7
270 2
298 4
720 8
132 7
484 6
80 9
138 3
241 1
290 9
525 1
932 3
817 4
442 2
628 3
897 6
973 5
434 2
864 6
379 1
27 0
120 2
520 1
776 4
733 3
633 1
207 4
612 8
797 4
918 6
67 5
816 2
844 8
856 1
320 3
88 8
738 9
86 2
291 1
222 7
155 4
856 7
711 7
399 8
904 4
455 3
876 7
774 9
944 3
636 4
54 2
272 2
987 6
403 3
759 9
2 0
696 7
377 8
337 8
604 4
310 4
243 9
235 9
414 5
574 0
870 7
406 5
765 3
386 8
217 9
13 5
484 5
666 7
337 0
831 2
591 2
64 4
270 2
179 3
535 3
21 9
997 2
811 4
819 7
262 2
880 5
236 5
988 0
206 0
519 0
704 3
259 2
201 4
920 7
951 1
835 5
119 0
110 8
420 6
579 4
603 6
492 4
110 7
981 3
321 1
945 7
917 5
514 7
849 7
784 3
579 2
307 2
463 5
713 4
760 4
179 9
557 1
294 8
598 8
573 8
143 1
134 3
990 1
27 6
81 0
956 2
190 8
740 9
804 2
932 4
107 3
926 4
221 7
768 9
410 6
586 1
852 6
741 8
613 3
701 3
479 0
458 4
738 4
418 9
146 1
657 5
20 6
372 4
718 0
413 7
860 6
704 4
606 4
611 7
188 4
132 7
178 2
555 4
24 6
100 1
908 1
644 3
601 1
514 7
453 6
302 7
247 8
946 0
440 0
163 6
235 7
766 4
184 2
507 5
260 4
955 1
410 3
469 5
768 4
667 7
840 9
868 0
361 8
771 0
831 3
771 2
250 2
419 9
117 0
611 9
40 0
691 0
797 3
989 2
245 0
116 5
496 4
210 3
294 7
921 6
793 1
556 3
74 7
189 5
133 7
930 6
521 5
965 9
4 4
895 7
59 5
589 8
76 9
890 7
24 5
496 2
692 5
678 9
218 4
255 0
445 8
939 7
389 4
337 7
538 1
142 4
46 7
216 4
653 5
420 0
336 0
208 7
616 5
754 6
431 9
508 1
914 8
741 2
906 2
836 4
367 3
454 8
139 4
958 7
291 4
797 2
913 4
110 3
365 5
411 5
372 8
656 8
577 0
954 2
257 4
982 3
842 7
235 1
278 8
108 8
813 9
663 8
306 5
62 3
855 4
691 4
850 5
590 9
209 6
23 7
939 7
266 0
880 7
668 3
305 8
520 8
87 9
694 4
31 0
32 9
427 7
268 4
732 4
224 2
285 5
156 7
368 2
86 6
660 3
238 2
360 2
69 4
167 1
787 4
836 4
665 1
857 9
465 0
316 8
140 6
214 4
380 1
659 2
608 1
279 0
246 6
94 5
66 9
143 3
93 4
98 2
340 4
427 8
521 8
447 6
648 8
409 6
433 7
896 3
172 6
104 1
762 2
254 8
639 7
357 4
377 4
222 2
358 7
47 1
403 1
186 3
773 4
661 0
499 8
881 6
198 4
243 3
578 6
915 5
81 0
209 6
704 7
82 4
819 0
438 2
386 6
730 1
803 7
790 5
837 5
89 9
991 2
187 6
444 1
923 1
802 6
383 8
330 5
287 3
947 9
843 3
682 8
108 6
61 0
245 9
312 5
200 7
484 3
868 3
325 7
709 9
682 7
168 8
585 2
123 6
489 7
587 7
747 4
258 9
865 8
898 7
242 7
188 6
779 5
678 4
267 6
435 9
419 7
579 4
979 1
387 7
775 5
534 5
284 3
857 4
143 0
389 1
51 1
754 4
376 0
862 3
319 8
90 4
765 0
399 8
447 2
945 2
55 1
987 2
477 2
26 5
755 7
425 6
194 0
78 3
893 2
531 8
608 0
573 5
555 1
276 4
285 2
179 7
831 0
49 3
634 0
583 0
89 5
408 7
30 6
420 1
19 9
770 6
706 5
93 6
874 1
748 1
73 2
792 9
721 8
711 4
210 7
853 5
305 0
517 7
42 0
62 3
625 2
352 2
515 1
192 2
679 4
5 0
837 3
243 3
358 7
681 4
332 9
311 6
148 0
628 2
437 0
864 0
982 9
535 0
193 3
276 3
754 3
869 9
801 3
51 5
405 3
82 3
742 8
489 0
533 9
128 4
251 6
173 8
817 7
947 6
605 4
157 0
26 9
568 5
199 5
693 2
83 6
912 3
153 3
366 2
660 1
530 7
141 1
320 9
80 4
875 0
330 7
399 4
380 3
558 9
469 2
841 0
489 9
666 5
99 6
414 2
372 6
972 0
328 8
726 2
776 9
734 6
395 9
734 5
817 0
348 2
86 0
699 7
982 0
579 0
484 0
738 2
324 6
685 0
980 2
202 4
862 9
661 1
206 5
572 6
266 6
487 3
779 9
415 8
804 3
245 5
106 1
276 7
471 8
786 2
174 5
673 0
976 1
254 0
280 7
761 4
186 1
269 2
642 5
817 4
481 4
818 4
681 5
128 0
981 9
351 2
410 2
920 1
159 8
394 5
892 0
632 6
900 9
864 3
441 4
881 3
996 2
817 2
245 3
968 4
553 9
199 9
573 7
981 8
714 6
89 5
782 9
454 3
273 9
626 5
942 8
607 4
265 2
430 9
62 2
792 0
945 5
334 7
286 9
416 3
70 2
569 1
171 2
674 8
38 4
43 2
548 4
822 6
516 1
310 7
33 1
374 4
165 4
144 6
894 9
85 3
798 9
319 0
651 7
711 4
427 1
688 5
668 8
707 8
790 3
271 8
971 0
307 6
885 4
679 6
364 1
793 1
407 2
630 4
539 1
3 6
647 6
311 0
307 1
622 1
635 3
837 7
697 6
342 1
835 2
395 0
593 0
792 9
822 1
481 7
37 5
820 4
92 1
765 7
63 3
473 2
916 5
440 3
242 4
875 6
448 8
575 0
609 2
703 6
705 9
413 8
255 1
604 8
463 9
609 6
57 7
756 3
190 1
232 4
482 8
39 2
903 6
518 4
361 7
411 7
648 2
127 4
681 9
984 5
548 6
371 2
951 1
569 2
282 0
394 0
301 0
76 7
90 1
239 1
6 0
378 3
194 4
487 0
121 9
394 6
772 1
789 5
678 4
150 1
573 7
57 4
568 3
32 9
497 0
154 7
166 1
485 1
158 7
265 4
401 6
624 5
247 0
84 6
505 6
331 5
324 2
439 7
431 9
906 7
461 2
399 3
345 7
964 6
966 7
69 9
639 3
609 6
659 5
376 0
556 6
326 7
351 5
637 7
333 0
939 5
551 3
561 0
818 1
412 8
811 4
405 3
410 7
560 0
962 1
57 4
277 6
751 6
389 8
989 0
467 8
444 0
743 9
910 4
815 5
619 8
850 3
595 8
374 2
63 6
413 2
102 2
932 8
721 9
5 8
930 9
582 8
912 8
242 9
528 3
426 2
953 1
419 9
445 5
908 1
761 9
507 1
320 2
515 4
947 0
972 7
303 5
457 0
452 7
130 1
934 2
773 9
750 1
23 9
378 0
944 2
785 2
143 2
455 3
72 2
845 1
870 9
495 7
448 6
423 7
882 0
87 6
270 9
943 4
761 2
446 8
514 5
863 1
560 4
675 5
311 3
60 0
397 7
534 5
684 4
903 7
259 6
922 7
197 9
873 8
714 4
595 3
885 5
97 9
893 6
396 3
56 3
786 0
887 1
861 6
951 6
76 8
633 4
96 3
231 3
343 3
526 9
819 1
810 3
432 7
1000 0
849 9
124 3
518 4
441 5
197 1
772 5
968 0
553 7
792 2
680 2
17 9
156 5
885 9
639 8
137 8
771 6
526 4
281 6
762 3
999 0
142 7
627 7
583 9
467 6
950 3
723 6
626 7
898 1
440 1
18 5
867 8
450 3
377 9
265 5
688 7
621 9
260 7
53 0
997 0
890 2
536 5
345 3
692 6
638 4
261 0
966 7
832 8
570 9
968 2
869 2
847 0
606 3
704 0
301 2
848 1
927 0
470 3
590 6
660 9
329 1
300 4
674 4
949 0
595 7
257 6
173 2
784 4
272 6
651 4
371 5
317 5
259 9
189 0
955 5
277 4
981 4
288 9
444 3
117 7
632 8
280 1
791 8
230 0
727 4
38 0
814 8
503 4
959 7
14 1
912 1
305 3
952 2
379 4
225 5
817 2
755 7
70 3
493 3
421 7
711 0
328 9
210 2
651 3
502 0
627 2
742 7
450 7
204 2
18 4
541 4
771 8
310 9
981 2
266 9
413 4
323 4
874 2
508 2
784 5
321 8
555 5
776 9
792 5
331 4
351 8
359 5
256 5
268 0
177 7
317 7
922 6
293 5
612 2
678 4
748 5
326 3
557 2
808 5
701 3
511 8
831 5
470 6
399 5
632 2
953 2
241 5
868 7
781 0
829 6
736 2
463 3
47 3
202 6
753 8
768 8
204 6
202 4
870 2
967 1
804 5
669 3
525 4
229 5
270 9
658 9
64 0
721 4
329 7
463 8
927 4
869 3
475 3
498 1
150 6
823 5
609 9
287 7
438 8
522 6
863 2
270 4
556 9
369 4
463 4
376 5
173 1
807 4
242 1
435 1
548 5
464 2
152 2
702 3
50 5
161 6
932 9
353 4
70 8
723 2
764 9
436 8
211 5
700 7
495 4
90 1
291 1
642 2
427 4
782 5
54 1
891 1
699 6
937 2
774 4
450 7
456 8
885 6
675 6
476 5
855 9
335 9
880 4
481 3
773 7
16 0
563 4
764 9
821 7
297 7
334 1
267 4
80 5
392 4
254 1
146 6
910 6
666 6
409 5
269 3
652 6
293 7
26 2
174 2
520 1
86 0
665 9
567 5
188 8
801 1
368 3
806 1
434 3
319 7
469 5
646 3
389 4
569 4
380 2
242 6
403 9
992 0
997 0
87 0
122 1
484 8
380 8
263 2
61 2
131 4
671 8
826 2
144 1
297 1
791 7
882 5
911 1
366 2
728 2
621 7
930 3
461 6
292 2
372 1
182 6
617 1
504 2
121 9
380 7
668 1
30 5
604 7
349 9
150 5
824 7
291 0
11 6
60 1
677 6
637 5
163 3
870 9
13 2
976 8
792 7
21 5
78 6
713 0
670 7
109 7
549 2
413 8
777 3
880 8
426 0
881 0
250 8
46 3
4 3
36 4
645 0
176 4
701 2
168 5
292 4
728 9
441 6
970 8
767 2
105 2
395 8
724 8
11 5
258 3
981 1
346 3
912 2
275 4
74 3
968 1
739 2
580 1
446 2
573 4
294 1
342 5
863 1
590 5
83 4
278 3
612 8
576 2
429 0
218 3
155 0
377 9
397 2
967 0
932 1
297 3
950 0
770 9
60 6
836 7
377 1
452 1
160 7
759 2
802 5
567 7
672 8
18 4
192 3
7 5
348 8
18 3
553 0
69 4
144 5
45 6
36 4
918 3
825 9
506 6
993 1
207 2
324 4
610 3
817 0
351 9
860 0
994 2
679 2
191 8
990 1
966 5
280 8
976 8
611 7
267 0
547 8
72 1
498 5
75 4
356 0
978 1
343 3
38 5
505 4
823 2
344 6
6 7
189 7
599 5
222 5
910 3
201 4
937 8
684 8
276 6
38 8
173 5
646 2
382 1
821 6
104 5
647 6
559 6
947 2
216 5
922 8
964 7
623 8
743 0
283 0
332 1
534 4
646 6
215 1
495 3
792 1
72 5
556 0
856 1
647 3
320 5
476 8
937 1
317 0
959 4
395 5
164 2
107 3
856 1
506 5
282 6
839 3
756 3
464 6
732 8
543 3
825 3
914 8
538 6
793 5
65 8
778 2
671 5
307 9
972 9
614 6
317 7
836 7
492 4
599 1
498 4
816 2
637 9
582 8
387 9
432 5
341 8
134 7
58 3
721 5
701 0
475 3
249 7
685 1
877 3
682 8
552 1
215 0
405 9
417 3
142 9
968 1
68 7
899 4
579 8
85 4
799 4
246 9
694 1
996 0
325 6
953 7
667 5
869 0
952 3
12 9
923 4
508 0
262 2
585 7
727 1
658 1
39 3
985 7
357 3
848 0
666 0
765 9
746 4
416 6
45 6
18 1
380 2
261 3
449 3
562 9
543 0
518 5
65 3
55 0
752 6
631 6
755 5
654 5
226 9
836 9
411 0
88 5
334 6
679 6
800 7
264 4
474 7
679 0
563 3
787 4
20 7
736 7
531 1
613 1
66 7
875 9
53 2
790 9
335 4
833 8
244 7
750 1
822 8
302 8
552 9
638 4
168 2
634 0
951 7
828 6
170 2
286 3
237 3
797 6
500 7
739 6
782 3
362 8
4 9
950 9
332 1
94 8
685 0
248 5
987 4
771 4
620 9
227 1
253 6
979 3
649 0
909 6
217 5
855 2
17 0
825 0
25 2
40 0
215 0
136 4
324 5
492 5
393 8
360 7
129 8
404 3
639 6
724 2
14 5
520 1
534 5
525 2
996 3
469 8
365 0
913 2
123 9
90 2
264 6
718 0
814 2
736 4
280 2
207 9
921 6
6 2
661 7
113 4
596 0
974 2
373 6
613 1
62 2
988 5
403 5
188 1
193 1
946 1
931 4
384 3
224 8
324 6
119 3
109 0
226 0
50 9
378 1
520 5
791 6
596 3
977 3
858 0
332 6
158 4
989 6
543 2
286 4
77 3
857 0
375 3
34 5
729 1
926 7
256 5
763 3
193 2
544 6
84 2
481 1
876 2
238 5
825 3
378 3
682 6
201 3
675 2
127 6
829 7
212 3
932 3
615 7
372 9
501 8
811 5
542 8
666 2
370 4
615 5
592 2
875 6
946 0
532 1
46 0
701 5
271 0
510 6
953 1
217 8
871 4
845 4
960 9
614 5
448 4
488 2
684 1
623 7
750 1
532 1
644 4
722 5
596 7
506 2
793 1
11 0
844 8
370 7
115 1
52 5
300 5
728 0
706 5
480 3
588 5
428 5
503 3
804 9
692 5
283 1
687 6
715 0
237 1
358 6
778 1
680 2
171 7
872 4
31 8
548 9
841 9
604 0
769 6
916 3
947 5
521 4
394 6
882 4
546 6
32 4
924 4
90 5
641 6
742 2
699 6
540 1
299 1
582 7
414 2
932 1
619 5
449 8
123 6
604 1
838 5
828 4
611 0
112 7
880 7
891 0
782 0
124 7
139 2
154 6
436 6
622 6
766 6
293 4
568 2
185 9
616 9
232 5
659 3
793 0
243 0
201 0
366 3
